2.257749999999999702e+00 2.366043846228037317e+00 1.522762988530740458e+01
2.273249999999999993e+00 2.141005408917046271e+00 1.383097934568144716e+01
2.288750000000000284e+00 1.936620349595199020e+00 1.256267788670816010e+01
2.304249999999999687e+00 1.750937665466987259e+00 1.141529171072368953e+01
2.319749999999999979e+00 1.582186633961208733e+00 1.037622926407343371e+01
2.335250000000000270e+00 1.428767766642047077e+00 9.435255521679444257e+00
2.350749999999999673e+00 1.289235533279505574e+00 8.582961684377568901e+00
2.366249999999999964e+00 1.162282609441059877e+00 7.810670102292311512e+00
2.381750000000000256e+00 1.046725817426575222e+00 7.111722265083987971e+00
2.397249999999999659e+00 9.415015580058871958e-01 6.474257244179689508e+00
2.412749999999999950e+00 8.457376403352510064e-01 5.892186259744299548e+00
2.428250000000000242e+00 7.586138452554027634e-01 5.354619539516880522e+00
2.443750000000000089e+00 6.795435603126620538e-01 4.855931715592328501e+00
2.459249999999999936e+00 6.078615866274968971e-01 4.399510106741034043e+00
2.474750000000000227e+00 5.430134677846463198e-01 3.971207056414272962e+00
2.490250000000000075e+00 4.844032973711810963e-01 3.610814426888656392e+00
2.505749999999999922e+00 4.306895621828146226e-01 3.325645997676155208e+00
2.521250000000000213e+00 3.809298600139747748e-01 3.113718490253042592e+00
2.536750000000000060e+00 3.339048919510613223e-01 2.951996860360587949e+00
2.552249999999999908e+00 2.899156839618862724e-01 2.693941046128365713e+00
2.567750000000000199e+00 2.504474828179805712e-01 2.425285884109263712e+00
2.583250000000000046e+00 2.144904859428986010e-01 2.203340840464361072e+00
2.598749999999999893e+00 1.825081171912900924e-01 1.910905391457391467e+00
2.614250000000000185e+00 1.544944209590305151e-01 1.765179203486956006e+00
2.629750000000000032e+00 1.282237663272877970e-01 1.535026348917756689e+00
2.645249999999999879e+00 1.066920227159207785e-01 1.346792480153673477e+00
2.660750000000000171e+00 8.689511573281596957e-02 1.076897393913675227e+00
2.676250000000000018e+00 7.270630580428019685e-02 9.234986367671637053e-01
2.691749999999999865e+00 5.731543783315240503e-02 9.542070073397084240e-01
2.707250000000000156e+00 4.384707581653986969e-02 8.453307508559873007e-01
2.722750000000000004e+00 3.104557488730806322e-02 7.489595916578046797e-01
2.738249999999999851e+00 1.881250700611703658e-02 1.004231297433390901e+00
2.753750000000000142e+00 1.092185739788495077e-03 1.031545376193012453e+00
2.769249999999999989e+00 -1.015465147997160651e-02 4.761340015535978631e-01
2.784749999999999837e+00 -1.540010459568452728e-02 2.559748115551479519e-01
2.800250000000000128e+00 -2.005401857471882099e-02 4.159732866930070938e-01
2.815749999999999975e+00 -2.740384420445141078e-02 4.034364820793200357e-01
2.831249999999999822e+00 -3.156852059965579993e-02 1.988940801388269231e-01
2.846750000000000114e+00 -3.543607664298989435e-02 3.556128306308783404e-01
2.862249999999999961e+00 -4.122417269909677690e-02 2.474904875520443637e-01
2.877749999999999808e+00 -4.357927274761073944e-02 2.305276910230594500e-01
2.893250000000000099e+00 -4.822477360946473418e-02 1.853537632656253598e-01
2.908749999999999947e+00 -4.965958411382947330e-02 2.048917138922366765e-01
2.924249999999999794e+00 -5.526586870789156752e-02 3.578719808609565622e-01
2.939750000000000085e+00 -5.875660160488252459e-02 1.243334254483988988e-01
2.955249999999999932e+00 -6.020271478343239974e-02 1.003129126114045144e-01
2.970749999999999780e+00 -6.215421103377357509e-02 1.320167490526463483e-01
2.986250000000000071e+00 -6.376648596430832538e-02 6.138225521850979027e-02
3.001749999999999918e+00 -6.473309760762599452e-02 1.215935669479698278e-01
3.017249999999999766e+00 -6.657834114782144874e-02 -3.526487491714316858e-03
3.032750000000000057e+00 -6.581970776814682900e-02 1.028240269906746107e-01
3.048249999999999904e+00 -6.919417368110980515e-02 9.852054726226400216e-02
3.063749999999999751e+00 -6.844584571773942860e-02 1.137854839755253478e-02
3.079250000000000043e+00 -7.028928059860053978e-02 6.792143672636163920e-02
3.094749999999999890e+00 -6.987435857250666460e-02 -6.577936315804902567e-03
3.110249999999999737e+00 -7.052813539982469293e-02 4.620270064113973785e-03
3.125750000000000028e+00 -6.983236112716842414e-02 -2.003168174804558638e-02
3.141249999999999876e+00 -7.004698158560015986e-02 -1.762008776054167086e-02
3.156749999999999723e+00 -6.955190220111395760e-02 3.622966000547516580e-02
3.172250000000000014e+00 -7.073891167131396429e-02 6.623399812267130593e-03
3.187749999999999861e+00 -6.956764315601617066e-02 -5.967662282186712852e-02
3.203249999999999709e+00 -6.938993652652317157e-02 -2.900887203269584408e-02
3.218750000000000000e+00 -6.856635787561513040e-02 -1.808504009270688745e-02
3.234250000000000291e+00 -6.837084273071292184e-02 -9.589492807587580991e-02
3.249750000000000139e+00 -6.630153292089753514e-02 -3.668846464591291046e-02
3.265249999999999986e+00 -6.683872020442638284e-02 -5.389105713786782048e-02
3.280749999999999833e+00 -6.453215089345486211e-02 -9.020834437217299662e-02
3.296250000000000124e+00 -6.450499926763685055e-02 -3.696348862304045524e-02
3.311749999999999972e+00 -6.270916158394262974e-02 -1.147743416864254323e-01
3.327249999999999819e+00 -6.192091628628842992e-02 -4.084237795473108501e-03
3.342750000000000110e+00 -6.158714197787806127e-02 -8.605379217643772949e-02
3.358249999999999957e+00 -5.930381671851980840e-02 -1.582359937120644544e-01
3.373750000000000249e+00 -5.774847147402109582e-02 -2.397071759278284614e-02
3.389250000000000096e+00 -5.748075135984478251e-02 -9.873249566034714153e-02
3.404749999999999943e+00 -5.513974305554762700e-02 -8.601447753489249726e-02
3.420250000000000234e+00 -5.524572541076030324e-02 1.020473823516776513e-02
3.435750000000000082e+00 -5.470841592252721070e-02 -3.828714631295770943e-02
3.451249999999999929e+00 -5.412554608830123792e-02 -7.386505410444929587e-02
3.466750000000000220e+00 -5.277813871516548461e-02 -3.985467740376753137e-02
3.482250000000000068e+00 -5.260984759567300523e-02 -6.007723485367685162e-02
3.497749999999999915e+00 -5.079479917039527587e-02 -1.037085531370540575e-01
3.513250000000000206e+00 -5.005916994947302856e-02 -1.876809702391341039e-02
3.528750000000000053e+00 -4.964894212067973850e-02 -4.299784258319815783e-02
3.544249999999999901e+00 -4.862001463517563737e-02 -8.778672250730808202e-02
3.559750000000000192e+00 -4.728335120351451204e-02 -6.371157393567628002e-02
3.575250000000000039e+00 -4.676247198688493478e-02 -1.689136529011587423e-02
3.590749999999999886e+00 -4.668911080272704350e-02 1.626276397598294676e-02
3.606250000000000178e+00 -4.646409968722674255e-02 -1.059091679670158548e-01
3.621750000000000025e+00 -4.399739500347521481e-02 -1.136033435760217952e-01
3.637249999999999872e+00 -4.376662959921311102e-02 3.823155749426449673e-02
3.652750000000000163e+00 -4.391165692441725138e-02 -5.591735331548394750e-02
3.668250000000000011e+00 -4.264580499256633017e-02 -3.149593906719262704e-02
3.683749999999999858e+00 -4.274174051106214428e-02 -4.453432525867147274e-02
3.699250000000000149e+00 -4.131330691301118851e-02 -4.826961400556150500e-02
3.714749999999999996e+00 -4.128126898574115133e-02 -4.505912684571523885e-02
3.730249999999999844e+00 -4.000374211782856126e-02 -2.495803251789301125e-02
3.745750000000000135e+00 -4.052831852103022658e-02 -8.410910912896724101e-04
3.761249999999999982e+00 -3.937900577038946220e-02 -9.259431552452371261e-02
3.776749999999999829e+00 -3.829381106765533671e-02 -6.126696036704928905e-02
3.792250000000000121e+00 -3.773674768097074611e-02 1.980575258909777342e-02
3.807749999999999968e+00 -3.811387357514935126e-02 -5.278266144210751881e-02
3.823249999999999815e+00 -3.639534154836305407e-02 -6.830210022861035735e-02
3.838750000000000107e+00 -3.645365074614559386e-02 4.657611581620119123e-03
3.854249999999999954e+00 -3.593723204639463764e-02 -3.899470131756751362e-02
3.869749999999999801e+00 -3.551995827337294659e-02 -2.939347846089665831e-02
3.885250000000000092e+00 -3.504696218692901488e-02 -1.574168021928828640e-02
3.900749999999999940e+00 -3.464618222149636051e-02 -7.675774618644787273e-02
3.916249999999999787e+00 -3.295477444262003702e-02 -8.216689844956401312e-02
3.931750000000000078e+00 -3.258931124454631650e-02 7.321279929851398985e-03
3.947249999999999925e+00 -3.245010421119810112e-02 -4.479633057731156193e-02
3.962749999999999773e+00 -3.152284392431220494e-02 -3.454898734333892302e-02
3.978250000000000064e+00 -3.135854655241269995e-02 -2.827694433038134558e-02
3.993749999999999911e+00 -3.071913111391547796e-02 -7.900553476439371725e-03
4.009249999999999758e+00 -3.087172316083426626e-02 -3.434472400484986365e-02
4.024749999999999162e+00 -2.971716457882344828e-02 -4.864955729617714830e-02
4.040250000000000341e+00 -2.932294344816780557e-02 -7.082086216525254607e-02
4.055749999999999744e+00 -2.791318869736636454e-02 -1.722361626033164228e-02
4.071249999999999147e+00 -2.855556340188983994e-02 -8.809843040774867351e-03
4.086750000000000327e+00 -2.719815323831899223e-02 -8.593097139214546376e-02
4.102249999999999730e+00 -2.664395078161859581e-02 -1.745581079795555102e-02
4.117749999999999133e+00 -2.622204254676177917e-02 -3.317043539485596548e-02
4.133250000000000313e+00 -2.564549024766301158e-02 -4.311287354950191220e-02
4.148749999999999716e+00 -2.509346935634175491e-02 -1.281159113358769711e-02
4.164250000000000007e+00 -2.505070704191231928e-02 -2.076009206144879132e-02
4.179750000000000298e+00 -2.438584681129345177e-02 -4.110724288802875687e-02
4.195249999999999702e+00 -2.369155587623389403e-02 -7.787245232419749696e-02
4.210749999999999993e+00 -2.230581491936884861e-02 -4.998976560703628780e-02
4.226250000000000284e+00 -2.222187177693159960e-02 -6.623472209385514176e-03
4.241749999999999687e+00 -2.163220517763769432e-02 -5.389242460016752112e-02
4.257250000000000867e+00 -2.101921753823158406e-02 -1.057861752542692962e-02
4.272750000000000270e+00 -2.100406814391076946e-02 -2.536801505171076138e-02
4.288249999999999673e+00 -2.027640679567686843e-02 -3.171914340735790261e-02
4.303749999999999964e+00 -1.998663804117280229e-02 -4.467736668750230122e-02
4.319250000000000256e+00 -1.893318312048314703e-02 -4.955016568657499842e-02
4.334749999999999659e+00 -1.878152039613958588e-02 9.629452975766603084e-03
4.350249999999999950e+00 -1.883078550226863213e-02 -8.786540064463232297e-03
4.365750000000000242e+00 -1.827718818633376069e-02 -7.209597848678180043e-02
4.381249999999999645e+00 -1.725229775798725260e-02 -8.343302946103726969e-03
4.396749999999999936e+00 -1.768248921207570684e-02 -9.633837004570981744e-03
4.412250000000000227e+00 -1.673299981246428869e-02 -5.363062881424850853e-02
4.427749999999999631e+00 -1.644988831546426861e-02 -1.441156321161154302e-02
4.443249999999999922e+00 -1.606168936101968689e-02 -1.865417345761443205e-02
4.458750000000000213e+00 -1.606344874038879642e-02 1.423350057585056477e-02
4.474249999999999616e+00 -1.618371679506167005e-02 -1.466161580540222518e-02
4.489750000000000796e+00 -1.568663063457274853e-02 -2.851957396378732371e-02
4.505250000000000199e+00 -1.545925155414798295e-02 -1.147916722596073989e-02
4.520749999999999602e+00 -1.526239233037759990e-02 -7.674396654014067724e-03
4.536250000000000782e+00 -1.520857304988597163e-02 -6.341666337728718399e-03
4.551750000000000185e+00 -1.486201480277216450e-02 -4.445136269290026615e-02
4.567249999999999588e+00 -1.427578406055950329e-02 3.607312723554599587e-03
4.582750000000000767e+00 -1.460836991589260260e-02 -1.907044695221932901e-02
4.598250000000000171e+00 -1.387782032427972712e-02 -4.350764194655604156e-03
4.613749999999999574e+00 -1.458516287076429795e-02 3.198181757697626804e-02
4.629250000000000753e+00 -1.416818388808207055e-02 -6.737710666761415057e-02
4.644750000000000156e+00 -1.351563849984357968e-02 3.052189214108193271e-02
4.660249999999999559e+00 -1.460186101014982960e-02 2.922704560027526710e-02
4.675750000000000739e+00 -1.398591340246115727e-02 -5.640912564842678195e-02
4.691250000000000142e+00 -1.355171619586432487e-02 -6.844378029559631572e-03
4.706749999999999545e+00 -1.349144631347534359e-02 -1.191666977897948634e-02
4.722250000000000725e+00 -1.314047967005257077e-02 -2.508310914066112784e-02
4.737750000000000128e+00 -1.286808581176285618e-02 -8.401313344660711960e-03
4.753249999999999531e+00 -1.274581719940723508e-02 -1.769792212173158449e-02
4.768750000000000711e+00 -1.250574053410399324e-02 9.061657768586132977e-03
4.784250000000000114e+00 -1.278345243514451834e-02 -1.126446977764439250e-02
4.799749999999999517e+00 -1.223999971279122155e-02 -1.543748600886947139e-02
4.815250000000000696e+00 -1.224790323137343873e-02 -3.064027078774283694e-02
4.830750000000000099e+00 -1.132364485690195814e-02 -3.936043520583883126e-02
4.846249999999999503e+00 -1.124671999178250038e-02 -5.695389600058777327e-03
4.861750000000000682e+00 -1.100611249103833171e-02 6.841163421535088884e-04
4.877250000000000085e+00 -1.110137718703658148e-02 -2.517194120324020915e-02
4.892749999999999488e+00 -1.040016701350494552e-02 -1.727612137436920769e-02
4.908250000000000668e+00 -1.062487587129060281e-02 2.050365588574947634e-03
4.923750000000000071e+00 -1.020302622918281728e-02 -2.908162181648425715e-02
4.939249999999999474e+00 -9.989573043620750964e-03 -8.685715936162423725e-03
4.954750000000000654e+00 -9.844749836962513045e-03 -5.519332287955892695e-03
4.970250000000000057e+00 -9.866295044144596585e-03 6.902787124862429929e-03
4.985749999999999460e+00 -1.001737297635670737e-02 1.131911399383502513e-02
5.001250000000000639e+00 -9.917467732050667603e-03 -4.227485189257332299e-02
5.016750000000000043e+00 -9.052010443925733937e-03 -2.906406753922507677e-02
5.032249999999999446e+00 -9.165431787450904755e-03 1.297577793338494830e-02
5.047750000000000625e+00 -8.946940355537206027e-03 -4.317519033402259648e-02
5.063250000000000028e+00 -8.514929133230087627e-03 3.382124387609201227e-02
5.078749999999999432e+00 -9.276629244531139906e-03 -2.829903246183970711e-02
5.094250000000000611e+00 -7.921918751642238049e-03 -3.540131691665844571e-02
5.109750000000000014e+00 -8.376671389601911960e-03 -4.281091148109469890e-03
5.125249999999999417e+00 -7.582611350372410290e-03 -1.314671873667955238e-02
5.140750000000000597e+00 -8.219020241895712287e-03 2.635484073230841967e-02
5.156250000000000000e+00 -7.825583564421952423e-03 -4.524576405395498713e-02
5.171749999999999403e+00 -7.232398442873599030e-03 -3.633084239174375063e-02
5.187250000000000583e+00 -6.906725009237307811e-03 1.272554229487072100e-02
5.202749999999999986e+00 -7.358165964435488780e-03 9.770774159737306147e-03
5.218249999999999389e+00 -7.045619125481430295e-03 -2.492590675753726670e-02
5.233750000000000568e+00 -6.947738715000794860e-03 1.049532072175829618e-02
5.249249999999999972e+00 -7.024999861126367783e-03 -2.104620148853663872e-02
5.264749999999999375e+00 -6.454159592384872170e-03 -2.184195785456821692e-02
5.280250000000000554e+00 -6.400323545382297780e-03 -1.249106046301922020e-02
5.295749999999999957e+00 -6.002246736874683811e-03 -1.566080458565594774e-02
5.311249999999999361e+00 -6.009935754683167625e-03 -4.246484264496235700e-04
5.326750000000000540e+00 -5.824964216812331293e-03 -1.695334752706033343e-02
5.342249999999999943e+00 -5.568770316201005280e-03 -1.714882052637166365e-02
5.357749999999999346e+00 -5.465855784591241301e-03 1.604377178330098838e-02
5.373250000000000526e+00 -5.761897366015807272e-03 -9.646837610428206367e-03
5.388749999999999929e+00 -5.430921847255733466e-03 1.578217143217071350e-02
5.404249999999999332e+00 -5.967328229977634201e-03 -1.372103573854456526e-02
5.419750000000000512e+00 -5.063282156644457500e-03 -3.205409762853138333e-02
5.435249999999999915e+00 -5.251582861060549549e-03 3.406064526808475629e-03
5.450749999999999318e+00 -5.072541712883483003e-03 2.022201169659287173e-02
5.466250000000000497e+00 -5.698701284962171508e-03 2.244938474211304047e-03
5.481749999999999901e+00 -5.194143591841615670e-03 -5.665918053178467528e-03
5.497249999999999304e+00 -5.779888033357188058e-03 3.613229794399037270e-02
5.512750000000000483e+00 -5.830494157930504913e-03 -1.569864802815025898e-02
5.528249999999999886e+00 -5.641814496645036932e-03 -6.161616277633626126e-05
5.543749999999999289e+00 -5.725254484008448705e-03 -4.423856466949588687e-03
5.559250000000000469e+00 -5.465729622720716906e-03 -1.632390130960895830e-02
5.574749999999999872e+00 -5.502376452350017481e-03 2.658177815859789558e-02
5.590249999999999275e+00 -5.869324967160587277e-03 -1.188798336867560868e-02
5.605750000000000455e+00 -5.216050051816228245e-03 -3.444785769041532747e-02
5.621249999999999858e+00 -5.105381944630148390e-03 1.819474285749913926e-03
5.636749999999999261e+00 -5.137983309328045430e-03 1.206026845292826333e-02
5.652250000000000441e+00 -5.389603497286213699e-03 4.950074997253578815e-03
5.667749999999999844e+00 -5.151165575141557727e-03 -2.930916215546501558e-02
5.683249999999999247e+00 -4.772588277180229641e-03 -7.135727041072518345e-03
5.698750000000000426e+00 -4.810343976834248816e-03 -8.113400320375805524e-03
5.714249999999999829e+00 -4.493815579192423151e-03 -1.436667773958668140e-02
5.729749999999999233e+00 -4.517231263183197482e-03 8.848618314000630120e-03
5.745250000000000412e+00 -4.367734842466023878e-03 -4.543051875378088800e-02
5.760749999999999815e+00 -3.597417325399632475e-03 -5.155047386028316359e-03
5.776249999999999218e+00 -4.201589663426554509e-03 3.389357687089878529e-02
5.791750000000000398e+00 -4.071885266785117349e-03 -3.858675531326685726e-02
5.807249999999999801e+00 -3.516301359273081226e-03 -1.218300158302401681e-02
5.822749999999999204e+00 -3.720822580176823616e-03 1.937114488246489963e-02
5.838250000000000384e+00 -3.783884511052305021e-03 -1.351129050569342335e-02
5.853749999999999787e+00 -3.430214682945379508e-03 -2.157267264642816207e-02
5.869249999999999190e+00 -3.222918520302897518e-03 -8.772081634289928889e-03
5.884750000000000369e+00 -3.077579882197509480e-03 -1.159089773535431148e-02
5.900249999999999773e+00 -2.787256726898541034e-03 -2.918596485739447660e-02
5.915749999999999176e+00 -2.496158676910647384e-03 1.580162065779334296e-02
5.931250000000000355e+00 -2.915392879579943759e-03 -9.219972093522613155e-03
5.946749999999999758e+00 -2.314563699902838761e-03 -1.406914718846034862e-02
5.962249999999999162e+00 -2.574633710028621618e-03 -4.568268077330406296e-04
5.977750000000000341e+00 -2.126872880852280576e-03 -2.043080088069942901e-02
5.993249999999999744e+00 -2.242231955672753518e-03 1.784420690682695862e-02
6.008750000000000036e+00 -2.538510609376304523e-03 2.872579167739635828e-02
6.024250000000000327e+00 -2.728505160732741779e-03 -3.862997908867452090e-02
6.039749999999999730e+00 -1.895851750595608067e-03 1.408539106832543131e-03
6.055250000000000021e+00 -2.709196514318069991e-03 2.925866529074640232e-02
6.070750000000000313e+00 -2.372880247079305321e-03 -2.611510417620107466e-02
6.086249999999999716e+00 -2.251839994540772924e-03 -1.331886531702911915e-02
6.101750000000000007e+00 -1.987764207402535621e-03 4.851977119783235787e-03
6.117250000000000298e+00 -2.388984089496008940e-03 2.045497521632842070e-02
6.132749999999999702e+00 -2.388557661166592315e-03 -9.098951450121564241e-03
6.148249999999999993e+00 -2.285665298193776188e-03 -4.056354829177325622e-03
6.163750000000000284e+00 -2.290719602274599205e-03 6.387972271606838157e-03
6.179249999999999687e+00 -2.187293210331014200e-03 -4.053529319843003631e-02
6.194749999999999979e+00 -1.598029323188669779e-03 2.168411424742171939e-02
6.210250000000000270e+00 -2.490924788451425505e-03 1.256623842559573961e-02
6.225749999999999673e+00 -2.030507760952324561e-03 1.175643613346936261e-02
6.241249999999999964e+00 -2.722198762446357678e-03 -1.482927831530596319e-02
6.256750000000000256e+00 -1.722111386228622346e-03 -1.212894378650931915e-02
6.272249999999999659e+00 -2.592048820593542344e-03 3.815474213501100775e-02
6.287749999999999950e+00 -2.308809411542461776e-03 -2.693556824116511914e-02
6.303250000000000242e+00 -2.410870492475118698e-03 3.452075764543901387e-02
6.318749999999999645e+00 -2.755798065450016342e-03 -2.463352932622209918e-02
6.334249999999999936e+00 -1.928514440533983521e-03 -2.934587620011489678e-02
6.349750000000000227e+00 -2.218004272612760473e-03 3.792791293237605249e-02
6.365249999999999631e+00 -2.451816385241127518e-03 -2.108152816671612223e-02
6.380749999999999922e+00 -1.851773630001544123e-03 -2.448515044832087068e-02
6.396250000000000213e+00 -1.994566657439212146e-03 3.052218264350155252e-02
6.411749999999999616e+00 -2.298269375814085500e-03 -1.118504867809441694e-02
6.427249999999999908e+00 -1.818244609805386852e-03 -1.990883586024442403e-02
6.442750000000000199e+00 -1.853595381988676566e-03 4.754457830284952030e-03
6.458249999999999602e+00 -1.829156287843463225e-03 3.002942223892322848e-03
6.473749999999999893e+00 -1.843087651517260261e-03 -1.879998101064558197e-02
6.489250000000000185e+00 -1.396053335106648124e-03 -1.162939613036943071e-02
6.504749999999999588e+00 -1.475895307274907630e-03 -5.751920450262799911e-03
6.520249999999999879e+00 -1.197648238984869813e-03 -3.763908414726204604e-03
6.535750000000000171e+00 -1.458852783781241797e-03 1.750900117490974961e-02
6.551249999999999574e+00 -1.415886055503663612e-03 -2.403251889418087442e-02
6.566749999999999865e+00 -1.111522590378854949e-03 1.139587567877324570e-02
6.582250000000000156e+00 -1.616026521805186307e-03 1.718588062454317472e-02
6.597749999999999559e+00 -1.420135506697681963e-03 -2.040786598621151943e-02
6.613249999999999851e+00 -1.335798638371189263e-03 1.020792846210793331e-02
6.628750000000000142e+00 -1.555041491334333524e-03 5.686987873905417767e-03
6.644249999999999545e+00 -1.454929379261966438e-03 -9.898317204678659664e-03
6.659749999999999837e+00 -1.451164385464150195e-03 1.380103464735335170e-02
6.675250000000000128e+00 -1.655941535354665513e-03 -6.400242786148535590e-03
6.690749999999999531e+00 -1.389160285065246976e-03 -2.008571283582706590e-04
6.706250000000000711e+00 -1.693742617849949405e-03 1.452000984704431182e-02
6.721750000000000114e+00 -1.668047497656836072e-03 -3.901012080809826421e-03
6.737249999999999517e+00 -1.596041268999346752e-03 -1.782590001101918079e-02
6.752750000000000696e+00 -1.217347267851760654e-03 -1.202769041802334571e-02
6.768250000000000099e+00 -1.253447630692167743e-03 -3.717844408480733276e-04
6.783749999999999503e+00 -1.136059408457701717e-03 -2.218305894854426946e-03
6.799250000000000682e+00 -1.308266328412779813e-03 1.985507854683044027e-02
6.814750000000000085e+00 -1.566743485115877372e-03 6.156200092985913801e-03
6.830249999999999488e+00 -1.461467971709764883e-03 -1.482794795806625238e-02
6.845750000000000668e+00 -1.335090683657645400e-03 8.319565650590441883e-03
6.861250000000000071e+00 -1.546558075227020537e-03 -1.981262350626639829e-03
6.876749999999999474e+00 -1.414423209748687325e-03 1.496016622115064337e-02
6.892250000000000654e+00 -1.962219141227955835e-03 2.259112636941570246e-02
6.907750000000000057e+00 -1.822433126667723441e-03 -2.635501035965957112e-02
6.923249999999999460e+00 -1.586318304019939621e-03 1.007391431928114645e-02
6.938750000000000639e+00 -2.012475526601048472e-03 2.284175306961763741e-02
6.954250000000000043e+00 -1.998835250272050501e-03 -2.159893700057836929e-02
6.969749999999999446e+00 -1.684561224255036850e-03 8.671060765883323307e-05
6.985250000000000625e+00 -1.873192446429207923e-03 -3.065867464165140249e-03
7.000750000000000028e+00 -1.653929629749037369e-03 6.248063538153835611e-03
7.016249999999999432e+00 -1.955622748371391943e-03 -5.972134699639811833e-03
7.031750000000000611e+00 -1.603786017936081063e-03 7.935260070815727818e-03
7.047250000000000014e+00 -2.196203685044949890e-03 2.079514667579368883e-02
7.062749999999999417e+00 -1.953269780140287973e-03 -2.347382828285103293e-02
7.078250000000000597e+00 -2.006358897221822632e-03 3.635601397370984145e-02
7.093750000000000000e+00 -2.465762494503064180e-03 -2.275808934821814400e-02
7.109249999999999403e+00 -1.495265410181493768e-03 -4.424497665316272366e-02
7.124750000000000583e+00 -1.496083377299498116e-03 1.205816682467892795e-02
7.140249999999999986e+00 -1.650952730476439121e-03 2.614533908895133596e-02
7.155749999999999389e+00 -2.101821014759155948e-03 6.000195536475655400e-04
7.171250000000000568e+00 -1.834750330094667104e-03 7.028311654839299732e-03
7.186749999999999972e+00 -2.212262755411658136e-03 -7.337445401538363055e-03
7.202249999999999375e+00 -1.564746176668982934e-03 -2.993739845365897545e-02
7.217750000000000554e+00 -1.793735456486487143e-03 4.608175555322312211e-02
7.233249999999999957e+00 -2.334718176044005278e-03 -5.362785170516824740e-03
7.248749999999999361e+00 -1.912885149951191891e-03 -1.569383877986274545e-03
7.264250000000000540e+00 -2.376140688933439486e-03 1.965758124168894352e-02
7.279749999999999943e+00 -2.027990880878407457e-03 -5.478241252222698643e-02
7.295249999999999346e+00 -1.429904061003383405e-03 1.632949569945916363e-02
7.310750000000000526e+00 -2.203741508700243767e-03 2.348068027052553630e-02
7.326249999999999929e+00 -1.842389250598002902e-03 -3.041637363423958795e-02
7.341749999999999332e+00 -1.770841436650161553e-03 1.439770354705887344e-02
7.357250000000000512e+00 -1.948514245232880809e-03 -6.634119011766066373e-03
7.372749999999999915e+00 -1.691908812040936877e-03 -3.138509682433555242e-03
7.388249999999999318e+00 -1.843229984296431735e-03 -1.189441149426106320e-03
7.403750000000000497e+00 -1.619298145588702904e-03 -6.157403097705288833e-03
7.419249999999999901e+00 -1.760712849739202827e-03 9.847995238855863920e-03
7.434749999999999304e+00 -1.733942277081139318e-03 -1.104539111724577548e-02
7.450250000000000483e+00 -1.644290560345162706e-03 1.180022289579890638e-02
7.465749999999999886e+00 -1.889054646051296698e-03 -6.133751633009568160e-03
7.481249999999999289e+00 -1.486424587460230713e-03 -1.781992079310350252e-02
7.496750000000000469e+00 -1.546122089272775838e-03 1.103939155795988052e-02
7.512249999999999872e+00 -1.503718127945046293e-03 -2.299050857070926435e-02
7.527749999999999275e+00 -1.208410386252169611e-03 1.555908730153148650e-02
7.543250000000000455e+00 -1.766582763188627144e-03 1.163118554074235589e-02
7.558749999999999858e+00 -1.573754656101185225e-03 8.627964699807148113e-03
7.574249999999999261e+00 -1.958436489088722678e-03 -9.010065133499396695e-03
7.589750000000000441e+00 -1.318145888504372457e-03 -2.206036886194497060e-02
7.605249999999999844e+00 -1.494192871285640730e-03 7.397937135540294529e-03
7.620749999999999247e+00 -1.303098049765997243e-03 -1.044386459732122782e-02
7.636250000000000426e+00 -1.327188020641056985e-03 2.054001774143287412e-03
7.651749999999999829e+00 -1.250917598071596849e-03 -7.871584762686414938e-03
7.667249999999999233e+00 -1.146250247059994124e-03 -5.587876964895001006e-03
7.682750000000000412e+00 -1.089947896111457572e-03 -9.323335635670684796e-04
7.698249999999999815e+00 -1.106963551224690763e-03 1.713334605880123367e-03
7.713749999999999218e+00 -1.206063134380626909e-03 1.655291222440277710e-02
7.729250000000000398e+00 -1.424838782316601360e-03 -6.400745227641835289e-03
7.744749999999999801e+00 -1.085546585567133144e-03 -1.427571495516695085e-02
7.760250000000000092e+00 -1.135722672544964198e-03 7.545648318310858860e-03
7.775750000000000384e+00 -1.180633217967952224e-03 2.496986017565551528e-03
7.791249999999999787e+00 -1.295190795339955453e-03 1.333120557174870616e-02
7.806750000000000078e+00 -1.469002162690626664e-03 -8.464164688064962361e-06
7.822250000000000369e+00 -1.378062039269626390e-03 2.742246686294429539e-03
7.837749999999999773e+00 -1.497412121924342632e-03 -5.461820793316288572e-03
7.853250000000000064e+00 -1.155382966411474003e-03 -2.399413890492579915e-02
7.868750000000000355e+00 -1.099755100655704261e-03 2.447250132876832573e-02
7.884249999999999758e+00 -1.603340065695440164e-03 1.280550764481966711e-02
7.899750000000000050e+00 -1.378457471034912714e-03 -2.175213764109611148e-02
7.915250000000000341e+00 -1.257078375799096934e-03 7.184651326725403908e-03
7.930749999999999744e+00 -1.431431463529849856e-03 3.266563139668799201e-03
7.946250000000000036e+00 -1.260277804833513822e-03 -1.963165955615559649e-02
7.961750000000000327e+00 -9.690730978245717768e-04 -1.422864085800176412e-02
7.977249999999999730e+00 -9.492195783295149809e-04 1.634140495513201896e-02
7.992749999999999133e+00 -1.303143037599516696e-03 1.352171905843325972e-02
8.008250000000000313e+00 -1.277239827734636584e-03 -6.940490981416280389e-03
8.023749999999999716e+00 -1.244762599528670367e-03 2.940805240617096455e-03
8.039250000000000895e+00 -1.303716711158892094e-03 3.018281010601880747e-04
8.054750000000000298e+00 -1.216138457737952648e-03 -9.688274120482977952e-03
8.070249999999999702e+00 -1.201935098960618892e-03 1.875160150378582871e-02
8.085749999999999105e+00 -1.569738140181377566e-03 3.120516320198701149e-03
8.101250000000000284e+00 -1.316891774947363813e-03 -8.983987561327939561e-03
8.116749999999999687e+00 -1.418204382603963651e-03 3.486319555299375803e-03
8.132250000000000867e+00 -1.330768760145421403e-03 -2.275422557015138042e-03
8.147750000000000270e+00 -1.213749448181486576e-03 -3.395655211868370965e-02
8.163249999999999673e+00 -5.812784760293130413e-04 -6.961004603631394672e-03
8.178749999999999076e+00 -1.083630986895868769e-03 3.661635221986293820e-02
8.194250000000000256e+00 -1.278795043240864553e-03 -4.501197718741507467e-03
8.209749999999999659e+00 -1.039336221716057268e-03 -2.718474170228563080e-02
8.225250000000000838e+00 -7.031430672672252507e-04 1.823653049119772218e-03
8.240750000000000242e+00 -9.994287350482903686e-04 1.216609982818618770e-02
8.256249999999999645e+00 -8.741076249726503983e-04 -1.739813796726481787e-02
8.271749999999999048e+00 -7.626594790046199897e-04 1.160014441951575867e-02
8.287250000000000227e+00 -1.117519837534701509e-03 1.810960143023470845e-02
8.302749999999999631e+00 -1.070746409702552724e-03 -2.440882161828206512e-02
8.318250000000000810e+00 -7.289530883101164472e-04 4.319217451045527512e-03
8.333750000000000213e+00 -1.027522783919994787e-03 -1.233911240575598367e-03
8.349249999999999616e+00 -7.396934591314527265e-04 2.695208960547829796e-03
8.364749999999999019e+00 -1.143459645288505671e-03 1.289246792132269295e-02
8.380250000000000199e+00 -1.006255290641301777e-03 -2.672468095534508148e-03
8.395749999999999602e+00 -1.226076072391413165e-03 1.378768067428881063e-02
8.411250000000000782e+00 -1.224608065329697241e-03 -1.021642724257278145e-02
8.426750000000000185e+00 -1.035943504229601972e-03 -9.721823606285807245e-03
8.442249999999999588e+00 -9.769721668211068383e-04 1.174192924116036849e-03
8.457749999999998991e+00 -1.042705951841645757e-03 6.333912737959229017e-03
8.473250000000000171e+00 -1.088522637450466297e-03 -4.919430205754679597e-03
8.488749999999999574e+00 -9.325393488459545344e-04 -7.978760236690484592e-03
8.504250000000000753e+00 -9.793358810404450415e-04 1.570155055702569802e-02
8.519750000000000156e+00 -1.177050669837352266e-03 -7.502670186623221563e-03
8.535249999999999559e+00 -8.706426041098207919e-04 -6.728278248718976701e-03
8.550749999999998963e+00 -1.123967261467543385e-03 2.414157510992283318e-02
8.566250000000000142e+00 -1.208026975725624277e-03 -2.453782123307342994e-02
8.581749999999999545e+00 -7.449626984108963365e-04 6.539879404297635479e-04
8.597250000000000725e+00 -1.103758036020064792e-03 1.740784367036209146e-03
8.612750000000000128e+00 -6.365356440198421516e-04 -2.860300690363360571e-02
8.628249999999999531e+00 -6.007252114266397377e-04 1.531005139070251014e-02
8.643749999999998934e+00 -7.643697685663843489e-04 -7.895110037264098379e-03
8.659250000000000114e+00 -6.488220418460756119e-04 2.557945271050935526e-02
8.674749999999999517e+00 -1.283479640804348300e-03 6.050177692911044847e-03
8.690250000000000696e+00 -7.701384852543546747e-04 -2.629956153214200315e-02
8.705750000000000099e+00 -8.674383028447077513e-04 1.862393850799893419e-02
8.721249999999999503e+00 -1.018667972071722605e-03 -9.371118036130814816e-05
8.736750000000000682e+00 -8.469567965886529506e-04 -2.221325628772070210e-02
8.752250000000000085e+00 -6.306411923782777318e-04 1.384477897122214640e-02
8.767749999999999488e+00 -9.668387220849862344e-04 -9.962906275295987935e-03
8.783250000000000668e+00 -4.702192066496867478e-04 -5.042570462650712571e-03
8.798750000000000071e+00 -9.107471583151851256e-04 1.927675642853728458e-02
8.814249999999999474e+00 -7.868733361070783666e-04 -1.077655922748480509e-02
8.829750000000000654e+00 -7.512447537889716496e-04 -7.041952652706804164e-03
8.845250000000000057e+00 -5.573053881646486624e-04 -5.488136215064451720e-03
8.860749999999999460e+00 -7.051095634234999000e-04 2.006510582932458098e-02
8.876250000000000639e+00 -9.556463395146097767e-04 2.325961546142401790e-03
8.891750000000000043e+00 -8.347354951406213983e-04 -4.280062004136081510e-03
8.907249999999999446e+00 -8.640029883953727081e-04 -2.943136326870435943e-03
8.922750000000000625e+00 -6.454314584595189589e-04 -2.058688365891286204e-02
8.938250000000000028e+00 -3.914560245811226605e-04 -6.170031711202816557e-03
8.953749999999999432e+00 -4.926613548093808012e-04 1.569860334563174392e-02
8.969250000000000611e+00 -7.779554677776505866e-04 1.818196217316103008e-02
8.984750000000000014e+00 -9.621323658448616579e-04 2.438904936330161394e-03
9.000249999999999417e+00 -8.799393158160346120e-04 -8.198772620729171193e-03
9.015750000000000597e+00 -8.795570397250377075e-04 1.437386436210362495e-02
9.031250000000000000e+00 -1.090937587881697689e-03 -8.458309589165931980e-03
9.046749999999999403e+00 -7.988362544673700610e-04 3.835996202752850470e-03
9.062250000000000583e+00 -1.156259751905030402e-03 5.757324266527662215e-03
9.077749999999999986e+00 -8.557004083365318337e-04 -1.585932800387815714e-02
9.093249999999999389e+00 -8.663001114185212969e-04 1.558767009658408587e-03
9.108750000000000568e+00 -7.911726032972428175e-04 -2.864992623002086351e-03
9.124249999999999972e+00 -8.207310076311638211e-04 1.081376942863913025e-03
9.139749999999999375e+00 -7.661208143060088162e-04 -6.309248501595803894e-03
9.155250000000000554e+00 -7.231969146325444584e-04 5.278050676690111340e-03
9.170749999999999957e+00 -8.526687479365218552e-04 1.948258755582845010e-03
9.186249999999999361e+00 -7.976603907241874370e-04 1.341199996135759333e-03
9.201750000000000540e+00 -8.551451530632604974e-04 -6.833754522050454125e-03
9.217249999999999943e+00 -6.830668479556535784e-04 3.814422717506307445e-03
9.232749999999999346e+00 -8.907661777865598634e-04 -1.529544466045560519e-03
9.248250000000000526e+00 -6.760505266645610092e-04 9.457574774414216623e-04
9.263749999999999929e+00 -8.911696480050822428e-04 -2.175394433673996653e-03
9.279249999999999332e+00 -5.876484157799485245e-04 -9.354265720413010993e-03
9.294750000000000512e+00 -7.373373696792420978e-04 9.818467961928810037e-03
9.310249999999999915e+00 -7.498447723334421538e-04 1.473237076595515158e-03
9.325749999999999318e+00 -7.311170828958621446e-04 -1.691534274251348807e-02
9.341250000000000497e+00 -4.422356682786340604e-04 6.650887947373926995e-03
9.356749999999999901e+00 -8.119922302852861616e-04 5.965045286467685060e-03
9.372249999999999304e+00 -6.121504917998780559e-04 2.375670943126424045e-03
9.387750000000000483e+00 -7.910423442002381287e-04 -1.952254572060535542e-02
9.403249999999999886e+00 -2.557902133622694100e-04 6.741554822323678198e-03
9.418749999999999289e+00 -9.913518010530517066e-04 3.132589872540506026e-02
9.434250000000000469e+00 -8.589390754451785032e-04 -1.530666028852636917e-02
9.449749999999999872e+00 -8.634286402979906953e-04 5.141420992241994142e-03
9.465249999999999275e+00 -9.325977735006960728e-04 8.997498523852644897e-03
9.480750000000000455e+00 -9.724875528247788623e-04 -2.002323846956572881e-02
9.496249999999999858e+00 -6.529048327463414427e-04 1.696133778904390307e-02
9.511749999999999261e+00 -1.271616013933504243e-03 1.007371849572630956e-02
9.527250000000000441e+00 -8.414930040583827684e-04 -2.075527538895294288e-02
9.542749999999999844e+00 -9.951393115889685219e-04 1.943576325147904071e-02
9.558249999999999247e+00 -1.101114636098380608e-03 -6.738429480187520595e-03
9.573750000000000426e+00 -8.444077985231663534e-04 -2.165588656926503361e-02
9.589249999999999829e+00 -6.514387627362071536e-04 6.327935751667998487e-03
9.604749999999999233e+00 -8.864550601659933584e-04 4.482323235398570291e-03
9.620250000000000412e+00 -7.292379273056805774e-04 -9.199325873356672956e-03
9.635749999999999815e+00 -7.952834721939852289e-04 1.466886645699900203e-02
9.651249999999999218e+00 -9.842338235604972986e-04 -1.220955182212740686e-04
9.666750000000000398e+00 -8.637815515074054882e-04 -9.227916137688006032e-04
9.682249999999999801e+00 -1.001691265418236517e-03 7.192121687702818407e-03
9.697749999999999204e+00 -9.950438670372481302e-04 -2.440085679652601383e-03
9.713250000000000384e+00 -9.465859534714576081e-04 -8.097323216855795494e-03
9.728749999999999787e+00 -7.467934199186300774e-04 -1.321909508878760589e-02
9.744249999999999190e+00 -6.589427444294706842e-04 5.300824402587255187e-03
9.759750000000000369e+00 -8.688192113380829428e-04 1.563369259187567806e-02
9.775249999999999773e+00 -8.619270978921933371e-04 -2.854830055150212390e-02
9.790750000000000952e+00 -3.832700062492624005e-04 4.582244113082362125e-03
9.806250000000000355e+00 -8.706497225348509925e-04 1.190757403002875442e-02
9.821749999999999758e+00 -5.730559947421666163e-04 -1.547976826682737582e-02
9.837249999999999162e+00 -6.112677158621152192e-04 -1.914699961539350487e-04
9.852750000000000341e+00 -4.269426851022373442e-04 -1.203434716273110196e-02
9.868249999999999744e+00 -3.215091429261063760e-04 -7.753445792145959373e-03
9.883750000000000924e+00 -2.811777657415861012e-04 1.483556529377016119e-02
9.899250000000000327e+00 -6.130321963567925960e-04 4.835001410107866299e-03
9.914749999999999730e+00 -3.947389126063880296e-04 -1.219599412165845234e-02
9.930249999999999133e+00 -3.281276836830812832e-04 -1.119383382806548102e-02
9.945750000000000313e+00 -1.059642917703617406e-04 1.079467336630227786e-03
9.961249999999999716e+00 -4.388894306329731067e-04 2.831372195572682410e-02
9.976750000000000895e+00 -7.026550295672983172e-04 1.154174736643117163e-03
9.992250000000000298e+00 -3.331112491952439511e-04 -5.340361730961067782e-02
