2.257749999999999702e+00 3.816668924599493380e+02 2.087010877440752665e+03
2.273249999999999993e+00 3.507300313850400926e+02 1.907507985522742274e+03
2.288750000000000284e+00 3.224515044565093831e+02 1.744000019843539121e+03
2.304249999999999687e+00 2.965884759282240566e+02 1.595502668680498346e+03
2.319749999999999979e+00 2.729216530347326852e+02 1.460412161262329164e+03
2.335250000000000270e+00 2.512528706318962577e+02 1.337481969430227764e+03
2.350749999999999673e+00 2.314029372315336275e+02 1.225540439055348088e+03
2.366249999999999964e+00 2.132097126813681598e+02 1.123548135741006718e+03
2.381750000000000256e+00 1.965263912917785660e+02 1.030566232126639306e+03
2.397249999999999659e+00 1.812199673179513013e+02 9.457505544783305140e+02
2.412749999999999950e+00 1.671698624277556462e+02 8.683403623516330754e+02
2.428250000000000242e+00 1.542666971718325328e+02 7.976499598799609885e+02
2.443750000000000089e+00 1.424111905661685853e+02 7.330608035969651155e+02
2.459249999999999936e+00 1.315131737362615070e+02 6.740145874556494618e+02
2.474750000000000227e+00 1.214907051881920665e+02 6.200070487694273424e+02
2.490250000000000075e+00 1.122692766936768720e+02 5.705824515152561389e+02
2.505749999999999922e+00 1.037811000278762208e+02 5.253286600694214030e+02
2.521250000000000213e+00 9.596446590161330903e+01 4.838727389290303904e+02
2.536750000000000060e+00 8.876316740216174139e+01 4.458770214495007167e+02
2.552249999999999908e+00 8.212598087749915976e+01 4.110356315531503242e+02
2.567750000000000199e+00 7.600619806778490783e+01 3.790712912495404225e+02
2.583250000000000046e+00 7.036120570428002452e+01 3.497324627814080031e+02
2.598749999999999893e+00 6.515210604412227724e+01 3.227908622047099811e+02
2.614250000000000185e+00 6.034337434192547533e+01 2.980391907909511247e+02
2.629750000000000032e+00 5.590254962553919427e+01 2.752891008088444664e+02
2.645249999999999879e+00 5.179995536996526795e+01 2.543693682885659939e+02
2.660750000000000171e+00 4.800844702882817217e+01 2.351242512067639439e+02
2.676250000000000018e+00 4.450318370718520811e+01 2.174120132288957734e+02
2.691749999999999865e+00 4.126142154762801084e+01 2.011035954647938979e+02
2.707250000000000156e+00 3.826232665781644471e+01 1.860814209187844881e+02
2.722750000000000004e+00 3.548680563547944899e+01 1.722383167597816964e+02
2.738249999999999851e+00 3.291735194978564749e+01 1.594765458545095953e+02
2.753750000000000142e+00 3.053790661871408219e+01 1.477069224219256398e+02
2.769249999999999989e+00 2.833373178313443219e+01 1.368480547773735054e+02
2.784749999999999837e+00 2.629129626064905167e+01 1.268254439005299901e+02
2.800250000000000128e+00 2.439817468552681490e+01 1.175708981897205945e+02
2.815749999999999975e+00 2.264295132202230576e+01 1.090222417844695428e+02
2.831249999999999822e+00 2.101513158680192106e+01 1.011226699094833776e+02
2.846750000000000114e+00 1.950506360561469421e+01 9.382018497906824450e+01
2.862249999999999961e+00 1.810386683966639509e+01 8.706718639401924520e+01
2.877749999999999808e+00 1.680336708280022506e+01 8.082007386056386622e+01
2.893250000000000099e+00 1.559603723147896659e+01 7.503889394193633677e+01
2.908749999999999947e+00 1.447494328845142952e+01 6.968702024564821329e+01
2.924249999999999794e+00 1.343369511380373993e+01 6.473085430293781428e+01
2.939750000000000085e+00 1.246640148450210361e+01 6.013958911343703306e+01
2.955249999999999932e+00 1.156762906609725938e+01 5.588486299295312421e+01
2.970749999999999780e+00 1.073236467676303363e+01 5.194098621908955948e+01
2.986250000000000071e+00 9.955970578725121811e+00 4.828509291239188883e+01
3.001749999999999918e+00 9.234149636964026797e+00 4.489574660856830945e+01
3.017249999999999766e+00 8.562929960428004250e+00 4.175268548503778732e+01
3.032750000000000057e+00 7.938639688079152101e+00 3.883737252577164156e+01
3.048249999999999904e+00 7.357883003660864674e+00 3.613271927003005857e+01
3.063749999999999751e+00 6.817518169050291732e+00 3.362301214163167629e+01
3.079250000000000043e+00 6.314637397627589799e+00 3.129373655697981604e+01
3.094749999999999890e+00 5.846548405663185122e+00 2.913167325375887629e+01
3.110249999999999737e+00 5.410757494684768965e+00 2.712406777175808514e+01
3.125750000000000028e+00 5.004954031300519190e+00 2.526128940682113466e+01
3.141249999999999876e+00 4.626996203169372102e+00 2.352650844264630692e+01
3.156749999999999723e+00 4.274952886711309574e+00 2.192322093663552351e+01
3.172250000000000014e+00 3.946840980145859046e+00 2.042355420245888098e+01
3.187749999999999861e+00 3.641318219430901504e+00 1.902153011425238560e+01
3.203249999999999709e+00 3.356687315717527209e+00 1.771361522988723181e+01
3.218750000000000000e+00 3.091742347671412539e+00 1.649353253255094032e+01
3.234250000000000291e+00 2.845009635567896211e+00 1.534664434628724017e+01
3.249750000000000139e+00 2.615742218119990081e+00 1.424894741483305260e+01
3.265249999999999986e+00 2.402734757716418201e+00 1.325915525595782540e+01
3.280749999999999833e+00 2.204148105297987659e+00 1.237780823656278173e+01
3.296250000000000124e+00 2.018696323568283102e+00 1.155963131033307434e+01
3.311749999999999972e+00 1.845299107788128889e+00 1.083831120143199911e+01
3.327249999999999819e+00 1.681784622930433404e+00 1.029584013642656437e+01
3.342750000000000110e+00 1.526505463546289132e+00 9.680323912572500689e+00
3.358249999999999957e+00 1.381529138637401344e+00 9.096828915160308782e+00
3.373750000000000249e+00 1.243819904348569150e+00 8.645694465054379663e+00
3.389250000000000096e+00 1.114441003174480915e+00 8.014871056154857953e+00
3.404749999999999943e+00 9.979458447060792770e-01 6.883348983066623461e+00
3.420250000000000234e+00 8.982177051421794678e-01 6.301403598475613599e+00
3.435750000000000082e+00 8.027464500329780650e-01 5.691564624276114870e+00
3.451249999999999929e+00 7.196822181240772887e-01 5.487593456310991158e+00
3.466750000000000220e+00 6.332432878784868269e-01 5.165125193284541893e+00
3.482250000000000068e+00 5.620271440623859638e-01 4.365791072813470564e+00
3.497749999999999915e+00 4.899833549335199101e-01 5.099439472552202979e+00
3.513250000000000206e+00 4.067079412153170037e-01 5.298232233184438478e+00
3.528750000000000053e+00 3.278020645112421638e-01 5.097558773215249417e+00
3.544249999999999901e+00 2.502758093879270396e-01 4.588719479256140765e+00
3.559750000000000192e+00 1.860707209593992217e-01 3.979436255278102408e+00
3.575250000000000039e+00 1.294367809782698275e-01 2.881734546661754770e+00
3.590749999999999886e+00 8.996813901953240600e-02 3.094125288371865068e+00
3.606250000000000178e+00 3.773200453028745932e-02 2.491075870427865269e+00
3.621750000000000025e+00 1.502558346567044179e-02 1.446581982276848644e+00
3.637249999999999872e+00 -1.343360169476347926e-02 1.625616760152114759e+00
3.652750000000000163e+00 -3.355046966884857318e-02 1.452767712828054059e+00
3.668250000000000011e+00 -6.010951444869326588e-02 1.597360018328528364e+00
3.683749999999999858e+00 -8.187200336068081730e-02 1.510347121954488836e+00
3.699250000000000149e+00 -1.119338444484833106e-01 2.391766977683764672e+00
3.714749999999999996e+00 -1.462814240405962973e-01 1.388924453745676857e+00
3.730249999999999844e+00 -1.599116238928834921e-01 1.338557035282042174e+00
3.745750000000000135e+00 -1.870859525140972091e-01 1.154498077416530766e+00
3.761249999999999982e+00 -1.961182413203094443e-01 1.051183060359957677e+00
3.776749999999999829e+00 -2.199576425272694313e-01 1.003032264338322488e+00
3.792250000000000121e+00 -2.242462950232080587e-01 3.808273086542889874e-01
3.807749999999999968e+00 -2.384775376919546219e-01 1.058154339370732888e+00
3.823249999999999815e+00 -2.523978823503427726e-01 8.352496552437419508e-01
3.838750000000000107e+00 -2.641282729463290679e-01 5.655054759848121559e-01
3.854249999999999954e+00 -2.703929564172288247e-01 3.856460021497672974e-01
3.869749999999999801e+00 -2.788925863953346518e-01 7.495195700623933366e-01
3.885250000000000092e+00 -2.888710911289946170e-01 1.926888876198139533e-01
3.900749999999999940e+00 -2.867841092478191078e-01 7.116399293998099118e-03
3.916249999999999787e+00 -2.931250099399477227e-01 6.021846399048054188e-01
3.931750000000000078e+00 -3.022282931398724282e-01 5.733419234196415193e-01
3.947249999999999925e+00 -3.074579810987211337e-01 -1.214288834982213405e-01
3.962749999999999773e+00 -3.023970484736837605e-01 -5.496406675357901062e-02
3.978250000000000064e+00 -3.089673047616073864e-01 6.334123110711161742e-01
3.993749999999999911e+00 -3.144214405090749453e-01 -1.513834932616491824e-01
4.009249999999999758e+00 -3.099607065921094473e-01 1.643929840081256311e-01
4.024749999999999162e+00 -3.182599347685295399e-01 2.367459300269124101e-01
4.040250000000000341e+00 -3.155122514049958360e-01 -3.688415968591507443e-02
4.055749999999999744e+00 -3.173818433478622358e-01 -2.591624694767971082e-01
4.071249999999999147e+00 -3.081626382822921784e-01 -3.489717280915331510e-01
4.086750000000000327e+00 -3.080022558951248102e-01 -1.603546412677016031e-01
4.102249999999999730e+00 -3.022747772463295624e-01 -1.491957137982783954e-01
4.117749999999999133e+00 -3.049790480165949225e-01 1.720004877130753007e-01
4.133250000000000313e+00 -3.024509059204029127e-01 -5.047168162655313317e-01
4.148749999999999716e+00 -2.959412144001085099e-01 9.760865802904761246e-02
4.164250000000000007e+00 -3.022313212383578307e-01 7.178192310822445465e-02
4.179750000000000298e+00 -2.976432166429398563e-01 -5.531656152685682226e-02
4.195249999999999702e+00 -3.008822779354467514e-01 -1.116208324028631349e-01
4.210749999999999993e+00 -2.946259503027411353e-01 -8.218714244843722261e-02
4.226250000000000284e+00 -2.983408493848593301e-01 -5.151999469125645437e-02
4.241749999999999687e+00 -2.915685325052030930e-01 -3.034911621811049454e-01
4.257250000000000867e+00 -2.925325818081562779e-01 1.413038221181621978e-01
4.272750000000000270e+00 -2.916838200477724352e-01 -2.394104083749605816e-01
4.288249999999999673e+00 -2.855283315396363042e-01 -5.393235309125564703e-01
4.303749999999999964e+00 -2.772693171518402222e-01 -3.931992542842711602e-01
4.319250000000000256e+00 -2.763837784177201606e-01 3.422070405820397121e-01
4.334749999999999659e+00 -2.801935544492122898e-01 -4.096474956492382469e-01
4.350249999999999950e+00 -2.657805841226845711e-01 -7.558482118627979363e-01
4.365750000000000242e+00 -2.640846426188380169e-01 3.151864404474116199e-01
4.381249999999999645e+00 -2.677296498534381675e-01 -1.276590213938506579e-01
4.396749999999999936e+00 -2.608764988025497611e-01 -4.254814160890110220e-01
4.412250000000000227e+00 -2.583928569845480028e-01 2.246348531957717554e-02
4.427749999999999631e+00 -2.548997107200680623e-01 -8.211702185728597669e-01
4.443249999999999922e+00 -2.414183336508861077e-01 -2.317422399488222595e-02
4.458750000000000213e+00 -2.493433805010812909e-01 -1.615516375095420454e-01
4.474249999999999616e+00 -2.347029141054178814e-01 -6.303778476707129208e-01
4.489750000000000796e+00 -2.360099811106630974e-01 1.024050816595478142e-01
4.505250000000000199e+00 -2.327502010886904615e-01 -1.571869338180758024e-01
4.520749999999999602e+00 -2.298521330528973117e-01 -6.654989059548666042e-01
4.536250000000000782e+00 -2.167964646245135740e-01 -2.686374031706135757e-01
4.551750000000000185e+00 -2.226009561995228592e-01 3.365949341136245110e-01
4.567249999999999588e+00 -2.193158481271888505e-01 -5.901197198628431728e-01
4.582750000000000767e+00 -2.118226276100628191e-01 -6.224416875118310433e-02
4.598250000000000171e+00 -2.146540563244679900e-01 -6.318588952978820839e-02
4.613749999999999574e+00 -2.094225668571598475e-01 -1.495401607883213857e-01
4.629250000000000753e+00 -2.094651431942989306e-01 -3.429592344465350329e-01
4.644750000000000156e+00 -2.009009474703825071e-01 -1.279685891890611771e-01
4.660249999999999559e+00 -2.053882044246713445e-01 6.574866804902040895e-02
4.675750000000000739e+00 -1.995322567365147570e-01 -3.999339669811974307e-01
4.691250000000000142e+00 -1.968408196980657998e-01 -1.203453278542287730e-01
4.706749999999999545e+00 -1.948285409914848887e-01 -2.908131741415882765e-02
4.722250000000000725e+00 -1.933334428357965651e-01 -4.421765371219019136e-01
4.737750000000000128e+00 -1.838341696285615556e-01 -3.301553785351276638e-01
4.753249999999999531e+00 -1.852860492010669213e-01 2.052379929275811588e-01
4.768750000000000711e+00 -1.831073110971877804e-01 -6.314788895700571558e-01
4.784250000000000114e+00 -1.726339660704331036e-01 -1.281127179959549167e-01
4.799749999999999517e+00 -1.778340046817068754e-01 1.232898101704382743e-01
4.815250000000000696e+00 -1.730778146480271562e-01 -2.791403463770564253e-01
4.830750000000000099e+00 -1.718339054706151670e-01 -1.680379493895239329e-01
4.846249999999999503e+00 -1.649719588143603588e-01 -6.175831787100958259e-01
4.861750000000000682e+00 -1.590306931662468504e-01 1.603295730618898851e-01
4.877250000000000085e+00 -1.638610396385336010e-01 -2.387517282133941876e-01
4.892749999999999488e+00 -1.530731797699163288e-01 -3.583897691755483783e-01
4.908250000000000668e+00 -1.555151362036441276e-01 5.697465622705577548e-02
4.923750000000000071e+00 -1.500700147269628248e-01 -4.507666059819039894e-01
4.939249999999999474e+00 -1.461899697736776527e-01 -5.877915422850141236e-02
4.954750000000000654e+00 -1.454219033845026710e-01 -2.137512304835105237e-01
4.970250000000000057e+00 -1.409649097881507385e-01 -9.751785652014732797e-02
4.985749999999999460e+00 -1.421723320290694537e-01 -2.512663803590764466e-02
5.001250000000000639e+00 -1.379243293747565713e-01 -3.904750261865909122e-01
5.016750000000000043e+00 -1.345989841855730895e-01 1.212174827507593033e-01
5.032249999999999446e+00 -1.372938676884059572e-01 -2.164197473359249502e-01
5.047750000000000625e+00 -1.291994270184873839e-01 -3.006140741330914912e-01
5.063250000000000028e+00 -1.309019500537008940e-01 1.817306952159162825e-01
5.078749999999999432e+00 -1.304269800427247938e-01 -1.887177988136450879e-01
5.094250000000000611e+00 -1.272051782238019513e-01 -1.423637251030122619e-01
5.109750000000000014e+00 -1.263204524344452018e-01 -3.663909592514020402e-02
5.125249999999999417e+00 -1.237118126287762854e-01 -3.872151676530342645e-01
5.140750000000000597e+00 -1.173005828488754010e-01 -1.602814435728929510e-01
5.156250000000000000e+00 -1.187486648401076678e-01 6.773169252504235294e-02
5.171749999999999403e+00 -1.164786555039910992e-01 -2.697280384403745179e-01
5.187250000000000583e+00 -1.122074399255637844e-01 -2.548630706107004595e-01
5.202749999999999986e+00 -1.099368534531295488e-01 2.302508523260682338e-02
5.218249999999999389e+00 -1.114031187531627498e-01 7.087664054261366697e-03
5.233750000000000568e+00 -1.091294699070844004e-01 -2.076435245550944941e-01
5.249249999999999972e+00 -1.069787793246519680e-01 -3.283732619078513770e-02
5.264749999999999375e+00 -1.060970868446405035e-01 -2.479200214773809863e-01
5.280250000000000554e+00 -1.007521420367790271e-01 -1.806381920040169287e-01
5.295749999999999957e+00 -1.016607229294712589e-01 1.118217091382466555e-01
5.311249999999999361e+00 -1.017283424704528705e-01 -7.770662512821967238e-02
5.326750000000000540e+00 -9.985014922927018532e-02 -1.514288280190858038e-01
5.342249999999999943e+00 -9.655793243396028347e-02 -3.173025859875511778e-01
5.357749999999999346e+00 -9.235226871370963431e-02 -3.056350846184288650e-02
5.373250000000000526e+00 -9.507795624463423467e-02 1.531096154491161654e-01
5.388749999999999929e+00 -9.413489891991404235e-02 -2.368497521338454037e-01
5.404249999999999332e+00 -8.973507808836521382e-02 -2.398160565142309908e-01
5.419750000000000512e+00 -8.892461733892227660e-02 1.876723818697478285e-01
5.435249999999999915e+00 -9.217876768878223437e-02 -3.790129023881610992e-02
5.450749999999999318e+00 -8.717627644519201913e-02 -3.744557809913195978e-01
5.466250000000000497e+00 -8.468085196610608545e-02 8.451491949256134673e-02
5.481749999999999901e+00 -8.769107245494478509e-02 1.360340403926632025e-01
5.497249999999999304e+00 -8.664020608164491044e-02 -2.494212522492322837e-01
5.512750000000000483e+00 -8.348648214497692011e-02 4.785929570732169736e-02
5.528249999999999886e+00 -8.643091881584269442e-02 1.747685668414891702e-02
5.543749999999999289e+00 -8.251165468312050832e-02 -3.064430053838774204e-01
5.559250000000000469e+00 -7.984710714587966995e-02 -6.599096481890727450e-02
5.574749999999999872e+00 -7.947201939665848869e-02 -1.790964239761548560e-02
5.590249999999999275e+00 -7.808992575122684909e-02 -2.024700903621603765e-01
5.605750000000000455e+00 -7.496798823278701118e-02 -4.395796335462040516e-02
5.621249999999999858e+00 -7.578140584343989739e-02 -6.850836095222628819e-02
5.636749999999999261e+00 -7.371192799227066494e-02 7.488297351519304645e-02
5.652250000000000441e+00 -7.565926418979786183e-02 -2.546638531683915740e-01
5.667749999999999844e+00 -6.923785991174200016e-02 7.782377841072007918e-02
5.683249999999999247e+00 -7.642727878349739323e-02 9.201672540284100421e-02
5.698750000000000426e+00 -7.123538366798580490e-02 -5.927317881334659422e-02
5.714249999999999829e+00 -7.474877527312077941e-02 -1.797956573189062324e-01
5.729749999999999233e+00 -6.663578061248379147e-02 -1.117899445888715926e-01
5.745250000000000412e+00 -7.393026448741105150e-02 4.685339932786607986e-01
5.760749999999999815e+00 -7.372164767277106234e-02 -3.908878878251882405e-01
5.776249999999999218e+00 -6.727777061412840154e-02 -1.925619013229870058e-01
5.791750000000000398e+00 -6.918742669813562896e-02 2.835443367359569700e-01
5.807249999999999801e+00 -7.146101743564896303e-02 -1.319547704878384353e-01
5.822749999999999204e+00 -6.740835556312385624e-02 -1.000616034965720047e-01
5.838250000000000384e+00 -6.870750659678465100e-02 -7.363972416472019944e-04
5.853749999999999787e+00 -6.626426754562149413e-02 -1.184291980212455880e-01
5.869249999999999190e+00 -6.633404698687266066e-02 1.507390998880505512e-02
5.884750000000000369e+00 -6.527310917887750585e-02 -1.337035451747192738e-01
5.900249999999999773e+00 -6.316160558280901893e-02 -9.428064620547704777e-02
5.915749999999999176e+00 -6.270565400791250354e-02 1.389932271306069077e-02
5.931250000000000355e+00 -6.289865719119072662e-02 -1.220988173418306733e-02
5.946749999999999758e+00 -6.184164601155823365e-02 -1.322871499094298575e-01
5.962249999999999162e+00 -6.081606911438691004e-02 1.382769181195333819e-01
5.977750000000000341e+00 -6.338985914639760910e-02 -1.211663674385866363e-01
5.993249999999999744e+00 -5.935787469768023100e-02 6.415737420757861020e-02
6.008750000000000036e+00 -6.363270103560852986e-02 -8.846147341551052756e-02
6.024250000000000327e+00 -5.679592054467370171e-02 -2.061735746758240895e-01
6.039749999999999730e+00 -5.916885046711074098e-02 4.918469434513045302e-02
6.055250000000000021e+00 -5.695073807738866567e-02 3.939948104664425799e-02
6.070750000000000313e+00 -5.956768816389582805e-02 -1.295882256055635451e-01
6.086249999999999716e+00 -5.471054215066682019e-02 4.536711297774609353e-02
6.101750000000000007e+00 -5.929601535442086124e-02 -1.044620603974555362e-01
6.117250000000000298e+00 -5.246966469950591766e-02 -6.123708774164005053e-02
6.132749999999999702e+00 -5.755878147680629220e-02 1.317159634196563012e-02
6.148249999999999993e+00 -5.130362314953552938e-02 -2.171347589106953913e-01
6.163750000000000284e+00 -5.381502523341763489e-02 1.307694567094780658e-01
6.179249999999999687e+00 -5.256257334892074085e-02 -6.227528740108953520e-02
6.194749999999999979e+00 -5.413592185644154620e-02 1.804407167059297601e-01
6.210250000000000270e+00 -5.582551958112969004e-02 -2.794959899510306156e-02
6.225749999999999673e+00 -5.333742232073047929e-02 -2.231906179599539852e-01
6.241249999999999964e+00 -5.020524607778863169e-02 -1.670828007794872005e-01
6.256750000000000256e+00 -4.990696432873786142e-02 2.275622097245059705e-01
6.272249999999999659e+00 -5.400152109053562438e-02 -8.403132425517600979e-03
6.287749999999999950e+00 -5.003412424057399749e-02 -1.693380841831045869e-01
6.303250000000000242e+00 -4.975152799729110759e-02 -1.368238392119553448e-01
6.318749999999999645e+00 -4.743877778730072603e-02 2.143083210425116847e-01
6.334249999999999936e+00 -5.428555309055080325e-02 1.571437988985376899e-01
6.349750000000000227e+00 -4.941566076610366676e-02 -4.602610046102949548e-01
6.365249999999999631e+00 -4.526716176672888892e-02 -6.159487539063317196e-02
6.380749999999999922e+00 -4.646869774381406221e-02 1.362605663747937235e-01
6.396250000000000213e+00 -4.787307717525017547e-02 2.092333412137481474e-02
6.411749999999999616e+00 -4.762754963352641702e-02 4.340011277569041925e-03
6.427249999999999908e+00 -4.757202121423127067e-02 -9.655227491273571383e-02
6.442750000000000199e+00 -4.467102093687307096e-02 -1.903622722691995783e-01
6.458249999999999602e+00 -4.354466709959179532e-02 7.851347083351478684e-02
6.473749999999999893e+00 -4.534220861313392054e-02 6.215681114635385196e-03
6.489250000000000185e+00 -4.527674375841030802e-02 2.318644483502290965e-01
6.504749999999999588e+00 -4.893649156627648267e-02 -2.380058061653237966e-01
6.520249999999999879e+00 -4.038018588271802267e-02 -2.275621028550696701e-01
6.535750000000000171e+00 -4.415205022349752428e-02 2.222333125316295344e-01
6.551249999999999574e+00 -4.324257345699221433e-02 -1.073606490248809053e-01
6.566749999999999865e+00 -4.172792126688830427e-02 -2.619769660984204163e-01
6.582250000000000156e+00 -3.686168716795337752e-02 -7.974173607280127252e-02
6.597749999999999559e+00 -3.897568300211587400e-02 4.825263333696130919e-02
6.613249999999999851e+00 -3.753346786107061850e-02 1.675327236059415137e-02
6.628750000000000142e+00 -3.962184038473089143e-02 9.796996436469473934e-03
6.644249999999999545e+00 -3.736698520833905968e-02 -8.816370702230351408e-02
6.659749999999999837e+00 -3.838107250048381630e-02 1.027092088952110821e-01
6.675250000000000128e+00 -3.840435472455154542e-02 -1.218919318722551798e-01
6.690749999999999531e+00 -3.698489955998152806e-02 1.146314978514122451e-01
6.706250000000000711e+00 -3.964266211173347876e-02 -9.696166201440481469e-02
6.721750000000000114e+00 -3.406056372727336162e-02 -2.927853335439107307e-01
6.737249999999999517e+00 -3.419439315935788454e-02 2.135993279882787144e-01
6.752750000000000696e+00 -3.678370669213709698e-02 -3.455204972595010693e-02
6.768250000000000099e+00 -3.414696689137360075e-02 -8.457040675895471926e-02
6.783749999999999503e+00 -3.526435775165546321e-02 7.876613989434474994e-02
6.799250000000000682e+00 -3.392837727138697107e-02 -2.728018212028882616e-01
6.814750000000000085e+00 -3.100961577522493365e-02 1.889426978661125633e-01
6.830249999999999488e+00 -3.677251475555756710e-02 6.750925248115585697e-02
6.845750000000000668e+00 -3.256445930544556860e-02 -1.580422503284815983e-01
6.861250000000000071e+00 -3.390284251010184519e-02 9.239314228573630716e-03
6.876749999999999474e+00 -3.081716711381644533e-02 -2.171005920624312080e-01
6.892250000000000654e+00 -3.001584227058319218e-02 1.068404270175098009e-01
6.907750000000000057e+00 -3.228307283116212123e-02 7.346257122063359901e-02
6.923249999999999460e+00 -3.113756488702658712e-02 -1.835831087174432108e-01
6.938750000000000639e+00 -2.878536871374650155e-02 -1.610512681836603899e-02
6.954250000000000043e+00 -3.012105434972795620e-02 5.125964102995433230e-02
6.969749999999999446e+00 -2.914669227047505043e-02 -1.189998456765681278e-01
6.985250000000000625e+00 -2.808083317056765671e-02 2.985822312917141286e-02
7.000750000000000028e+00 -2.879021410680271398e-02 -6.942882045408044211e-02
7.016249999999999432e+00 -2.579251894294869174e-02 -1.950424692391180270e-01
7.031750000000000611e+00 -2.502625435319479411e-02 1.210903580025439741e-01
7.047250000000000014e+00 -2.812673206683779722e-02 1.624642224978574689e-01
7.062749999999999417e+00 -2.758207916658866540e-02 -2.762714776596577049e-01
7.078250000000000597e+00 -2.344050922552401439e-02 3.561081562851797777e-02
7.093750000000000000e+00 -2.696377593357122265e-02 1.415662165849362886e-02
7.109249999999999403e+00 -2.354982846527834545e-02 -7.107873972939543483e-02
7.124750000000000583e+00 -2.564396197868658647e-02 1.471047502323469258e-02
7.140249999999999986e+00 -2.347809940924833194e-02 -1.646203466225265588e-03
7.155749999999999389e+00 -2.544319724441985661e-02 -4.698335166157296960e-02
7.171250000000000568e+00 -2.097883780628710323e-02 -2.941484420733920802e-01
7.186749999999999972e+00 -1.997917930551225407e-02 1.660252608118190643e-01
7.202249999999999375e+00 -2.354768746237140969e-02 1.272441064553558321e-01
7.217750000000000554e+00 -2.270337279277435255e-02 -1.477384310340566498e-01
7.233249999999999957e+00 -2.182127620384148939e-02 1.295655031266974566e-01
7.248749999999999361e+00 -2.441019969168947354e-02 -4.016998813430974757e-02
7.264250000000000540e+00 -2.100533353882268889e-02 -1.268099373671693897e-01
7.279749999999999943e+00 -2.202986672332025997e-02 8.670013082194810705e-02
7.295249999999999346e+00 -2.158359843950778678e-02 -1.080683470783414812e-01
7.310750000000000526e+00 -2.052264510794715030e-02 5.385294483857606951e-02
7.326249999999999929e+00 -2.204435327920767004e-02 -1.816507620496762843e-02
7.341749999999999332e+00 -1.999045428024598739e-02 -8.419731634796794040e-02
7.357250000000000512e+00 -2.021802564918474474e-02 1.471574495585353803e-03
7.372749999999999915e+00 -1.931263049200160689e-02 -5.288068258492329560e-02
7.388249999999999318e+00 -1.923135697651604664e-02 1.908302565015940894e-02
7.403750000000000497e+00 -1.978169000750670120e-02 6.733429266268196878e-02
7.419249999999999901e+00 -1.996881231088735650e-02 -1.456869057774097254e-01
7.434749999999999304e+00 -1.767522548364509893e-02 1.077105193769545277e-01
7.450250000000000483e+00 -2.142826020889880556e-02 -2.681385018646842422e-03
7.465749999999999886e+00 -1.742022588983016887e-02 -1.463397393957364678e-01
7.481249999999999289e+00 -1.912174945624874750e-02 1.416189066047904010e-01
7.496750000000000469e+00 -1.847208465099052163e-02 -2.165503203471835225e-01
7.512249999999999872e+00 -1.544768951008738608e-02 1.347399810751923055e-02
7.527749999999999275e+00 -1.774304539744966241e-02 2.154995626403183318e-02
7.543250000000000455e+00 -1.545752809945897047e-02 -9.776958005937338991e-02
7.558749999999999858e+00 -1.600059830571316788e-02 3.228053976646653306e-02
7.574249999999999261e+00 -1.478240162821775616e-02 -1.620222186015718158e-01
7.589750000000000441e+00 -1.396761601740553749e-02 2.223278917415793532e-01
7.605249999999999844e+00 -1.932901724772030302e-02 1.527007715390751030e-01
7.620749999999999247e+00 -1.744298401279179012e-02 -1.604791078230954626e-01
7.636250000000000426e+00 -1.566557924845140767e-02 -2.198368562342315757e-01
7.651749999999999829e+00 -1.146644027878266150e-02 -1.169238673708114934e-01
7.667249999999999233e+00 -1.356631996981572108e-02 2.812240782395874494e-01
7.682750000000000412e+00 -1.652443383126835086e-02 -2.900595155808252668e-02
7.698249999999999815e+00 -1.363887678154834977e-02 -1.511570181236276122e-01
7.713749999999999218e+00 -1.327273470022398774e-02 4.272901914950236191e-03
7.729250000000000398e+00 -1.265187388427387039e-02 -5.696740836347714831e-02
7.744749999999999801e+00 -1.170197107082296753e-02 -8.042203544188131215e-02
7.760250000000000092e+00 -1.072263002466133583e-02 5.253512786638679655e-03
7.775750000000000384e+00 -1.134858441982107211e-02 -8.989432027619419230e-03
7.791249999999999787e+00 -1.008517737992366617e-02 -9.267371591572913514e-02
7.806750000000000078e+00 -9.536992917083503968e-03 2.905368225744789021e-02
7.822250000000000369e+00 -1.094836937422727363e-02 1.435284051382457460e-01
7.837749999999999773e+00 -1.247648902393182907e-02 -3.423257245268161719e-02
7.853250000000000064e+00 -9.857970020752752568e-03 -2.176431514838447767e-01
7.868750000000000355e+00 -8.178530826054793840e-03 7.294230137961756066e-02
7.884249999999999758e+00 -1.014596522118646135e-02 -1.838504749903377422e-02
7.899750000000000050e+00 -8.768913474454780727e-03 1.148654979842965718e-01
7.915250000000000341e+00 -1.107367441554197966e-02 -2.615203261757971243e-01
7.930749999999999744e+00 -3.561233424751919421e-03 -7.672226741725923782e-02
7.946250000000000036e+00 -1.019970235179405715e-02 3.992535125386445505e-01
7.961750000000000327e+00 -1.079810172599215794e-02 -1.196075954005252628e-01
7.977249999999999730e+00 -9.088572561766428137e-03 -1.358805096515813271e-01
7.992749999999999133e+00 -7.246280688679065940e-03 -2.431959902151632769e-02
8.008250000000000313e+00 -8.513797936491481616e-03 1.219122040714759603e-01
8.023749999999999716e+00 -9.851807643190477193e-03 4.096632231845460242e-02
8.039250000000000895e+00 -9.283973549746518325e-03 -1.367112456184880198e-01
8.054750000000000298e+00 -7.321281330676171137e-03 1.609937386238596835e-02
8.070249999999999702e+00 -8.865373765324237321e-03 -8.705562945048872514e-03
8.085749999999999105e+00 -5.758365132801828226e-03 -2.837770313482040896e-01
8.101250000000000284e+00 -4.294950847323689147e-03 2.592157042087221419e-01
8.116749999999999687e+00 -9.369643094596809968e-03 -5.412876062302168778e-02
8.132250000000000867e+00 -3.795346637292669814e-03 -1.393982507546819294e-01
8.147750000000000270e+00 -5.670691612363267138e-03 -1.042043296935925012e-01
8.163249999999999673e+00 -2.215954422207248344e-03 2.505267537060554828e-01
8.178749999999999076e+00 -1.055569079455174683e-02 4.758102755104820503e-02
8.194250000000000256e+00 -2.395644784427397329e-03 -4.060720841253747104e-01
8.209749999999999659e+00 -3.141225679974178186e-03 1.416495448388828404e-01
8.225250000000000838e+00 -3.173161759020198987e-03 -1.003893885732066310e-02
8.240750000000000242e+00 -4.316479013636815437e-03 1.259745977509316162e-01
8.256249999999999645e+00 -5.373827896509154531e-03 -6.792407069691414057e-02
8.271749999999999048e+00 -3.285885516417563768e-03 -5.374802410249268636e-02
8.287250000000000227e+00 -3.742064781980344867e-03 -3.290895183422352932e-02
8.302749999999999631e+00 -2.493530506427557754e-03 3.202479724773284187e-02
8.318250000000000810e+00 -4.166902241446915518e-03 -1.296363209872725131e-02
8.333750000000000213e+00 -1.490249865138883623e-03 -1.743536187797451453e-01
8.349249999999999616e+00 -1.139180474045896124e-03 1.243674425594233912e-01
8.364749999999999019e+00 -3.525066437270994897e-03 7.071931411602368212e-02
8.380250000000000199e+00 -2.404952049468591681e-03 -1.622566521674557449e-01
8.395749999999999602e+00 -1.116791705661273129e-03 1.121896045648237000e-01
8.411250000000000782e+00 -4.117711703929901809e-03 4.500010251348643409e-02
8.426750000000000185e+00 -1.377548211145828826e-03 -2.417210135573504559e-01
8.442249999999999588e+00 1.758519956160110561e-04 9.087162277151308865e-02
8.457749999999998991e+00 -3.032146838894972038e-03 1.984794181646929445e-01
8.473250000000000171e+00 -3.324670725375701401e-03 -2.072687687866928141e-01
8.488749999999999574e+00 -1.704446509433962548e-04 7.671781415268216775e-02
8.504250000000000753e+00 -4.345352565853938601e-03 9.794883613934524114e-02
8.519750000000000156e+00 -2.255564116569002547e-03 -6.494164923427789282e-02
8.535249999999999559e+00 -3.389834585340269300e-03 -2.312120317262841840e-02
8.550749999999998963e+00 -4.655392885556810341e-04 -1.890299564003807276e-01
8.566250000000000142e+00 -4.102819560682169700e-04 2.025534231085528714e-01
8.581749999999999545e+00 -3.920300034187809528e-03 4.747963408856945011e-02
8.597250000000000725e+00 -1.662235146778150152e-03 -1.501584386801597670e-01
8.612750000000000128e+00 -1.430012625251047805e-03 7.116300922500727599e-02
8.628249999999999531e+00 -2.149349747818195006e-03 -4.021335285727638265e-02
8.643749999999998934e+00 -9.224692684177223821e-04 -8.543795892678174297e-03
8.659250000000000114e+00 -1.871496197081682841e-03 2.061042983378161275e-02
8.674749999999999517e+00 -1.000572396397486803e-03 -5.878118899478973480e-02
8.690250000000000696e+00 -7.776691718143709285e-04 2.805869642015244685e-03
8.705750000000000099e+00 -8.480344736959082421e-04 1.803424151674844558e-02
8.721249999999999503e+00 -1.265542922901303699e-03 1.948434192072355520e-02
8.736750000000000682e+00 -1.188379911183835022e-03 -3.009829871810145580e-02
8.752250000000000085e+00 -1.137319587552382966e-03 7.609143320672763500e-02
8.767749999999999488e+00 -2.273743877675734552e-03 -6.419698898133657794e-02
8.783250000000000668e+00 4.583857670021037668e-04 -1.281496749370085175e-01
8.798750000000000071e+00 3.192748667630110077e-05 1.305367149838825847e-01
8.814249999999999474e+00 -1.949901421873199113e-03 7.212291607413531813e-02
8.829750000000000654e+00 -1.835231492317223982e-03 -5.764277044293848740e-02
8.845250000000000057e+00 -1.270235326605900295e-03 2.689988919426551661e-02
8.860749999999999460e+00 -2.226734189470636407e-03 2.581792924395912708e-02
8.876250000000000639e+00 -1.452605591792263673e-03 -9.487413548883968928e-02
8.891750000000000043e+00 -6.770505649006423269e-04 5.373984666559831341e-02
8.907249999999999446e+00 -1.784667408967602169e-03 -5.581522204284035393e-02
8.922750000000000625e+00 4.747554614395796250e-04 -5.340915714065856690e-02
8.938250000000000028e+00 -1.334143839796969253e-03 1.822537404434949881e-01
8.953749999999999432e+00 -2.623361187059239027e-03 -7.597032427868813387e-02
8.969250000000000611e+00 -5.010516119831263633e-04 -3.961610032490395228e-02
8.984750000000000014e+00 -1.885774900511729638e-03 9.167608947240529771e-02
9.000249999999999417e+00 -1.857284612589793190e-03 -6.459154776986841817e-02
9.015750000000000597e+00 -1.418295433114241709e-04 -1.708477094639297700e-01
9.031250000000000000e+00 1.497173618461394807e-03 9.873240542213626569e-02
9.046749999999999403e+00 -1.615535098019517174e-03 6.115142094470388257e-02
9.062250000000000583e+00 2.490862837561930556e-05 -5.838357499071067380e-02
9.077749999999999986e+00 -9.311154158025034770e-04 3.991455342781041749e-02
9.093249999999999389e+00 -2.748273524146523138e-04 -4.326122308370201897e-02
9.108750000000000568e+00 -3.714383563710958042e-04 2.480574675896773940e-02
9.124249999999999972e+00 -8.842893727852127635e-05 -9.203887655916703769e-02
9.139749999999999375e+00 1.488308270708309754e-03 -1.660120060219852367e-02
9.155250000000000554e+00 9.179485695911912980e-04 -3.633906429718541942e-02
9.170749999999999957e+00 2.336000945429778704e-03 -2.112092155192410448e-03
9.186249999999999361e+00 1.838408841144711968e-04 1.868727913973256549e-01
9.201750000000000540e+00 -1.746052777837109500e-03 4.469584074657045880e-02
9.217249999999999943e+00 -1.245387769112988718e-03 -8.903125375898111871e-02
9.232749999999999346e+00 5.479485101021058790e-06 -2.757707015029716574e-02
9.248250000000000526e+00 -7.392807617015257834e-04 1.013833393772744784e-01
9.263749999999999929e+00 -1.443487401649412973e-03 -9.751108347162219803e-02
9.279249999999999332e+00 1.268644037105188041e-03 -9.996961171145495040e-02
9.294750000000000512e+00 3.818418125119491121e-04 1.441000049958287288e-01
9.310249999999999915e+00 -9.605324015894538010e-04 -4.497690400838201541e-02
9.325749999999999318e+00 -1.602333118308416071e-04 1.407253770395338333e-01
9.341250000000000497e+00 -3.209414893380999230e-03 -8.265702509342121029e-02
9.356749999999999901e+00 1.778314795511872111e-03 -1.853001361516884438e-01
9.372249999999999304e+00 6.476412540932466756e-04 7.733057341480821523e-02
9.387750000000000483e+00 5.586651841501002981e-04 1.120390575947696615e-01
9.403249999999999886e+00 -2.230830466254093546e-03 3.163675498306961487e-02
9.418749999999999289e+00 -7.337650838995304903e-04 1.156171628901894732e-02
9.434250000000000469e+00 -3.213689262277137117e-03 1.123471145749048439e-01
9.449749999999999872e+00 -2.159329906209041163e-03 -1.850344025288052641e-01
9.465249999999999275e+00 6.724168857709812014e-05 -7.228398173431113682e-03
9.480750000000000455e+00 -1.459398770961846219e-03 7.847745291655537636e-02
9.496249999999999858e+00 -9.300847536097232035e-04 -1.136504891986100801e-01
9.511749999999999261e+00 7.763321847718059488e-04 -5.659761658670953155e-02
9.527250000000000441e+00 8.325637289622536555e-04 -1.116815274958125881e-03
9.542749999999999844e+00 4.570634658932348640e-04 1.228588232759410259e-01
9.558249999999999247e+00 -1.537908780051917747e-03 -3.151734705185191276e-02
9.573750000000000426e+00 5.905625182366408717e-04 -2.262796132846389696e-02
9.589249999999999829e+00 -1.572235637887089022e-03 1.286731003338909551e-01
9.604749999999999233e+00 -1.155346944657035992e-03 -1.541464794470204791e-01
9.620250000000000412e+00 8.822175028066021538e-04 1.285737086835356258e-02
9.635749999999999815e+00 -1.381789188737759600e-03 1.465445270860817328e-01
9.651249999999999218e+00 -1.283177346918075576e-03 -1.799267986207912784e-01
9.666750000000000398e+00 1.641856047769001993e-03 -1.205899128157986167e-02
9.682249999999999801e+00 -1.122884997145427418e-03 1.971384379847682389e-01
9.697749999999999204e+00 -1.182549531953981485e-03 -2.298356161949588472e-01
9.713250000000000384e+00 2.545352627134056349e-03 1.222255112815717748e-02
9.728749999999999787e+00 -1.108314251925835662e-03 1.665772929673468017e-01
9.744249999999999190e+00 -1.075891156942614547e-03 2.235417069474184004e-02
9.759750000000000369e+00 -1.962245699010712642e-03 -9.071692147186015409e-02
9.775249999999999773e+00 1.692940458336092153e-03 -1.953893780871292229e-01
9.790750000000000952e+00 1.822531443137086551e-03 1.397369224368807672e-01
9.806250000000000355e+00 -3.179287353117131389e-04 2.564217743276020478e-02
9.821749999999999758e+00 9.086755660606010178e-04 -6.543030112085297667e-02
9.837249999999999162e+00 1.130738523470684390e-03 -4.430818432659738848e-02
9.852750000000000341e+00 1.162379817238799913e-03 1.935589898121188313e-01
9.868249999999999744e+00 -2.025755586432907186e-03 -1.189934310695056063e-01
9.883750000000000924e+00 2.565644342600512801e-03 1.081514891219115260e-02
9.899250000000000327e+00 -2.073215981619617402e-03 8.491871836029740717e-02
9.914749999999999730e+00 1.280809478284702799e-03 -1.018123066793437115e-01
9.930249999999999133e+00 -5.038357341252868229e-04 1.857949271300141092e-02
9.945750000000000313e+00 1.389497469668065244e-03 6.457950398388201396e-03
9.961249999999999716e+00 -1.630756985890479630e-03 1.737024963577725178e-01
9.976750000000000895e+00 -1.689965337339466994e-03 -1.052428764086178192e-01
9.992250000000000298e+00 -2.536426298511253521e-04 -1.926925318254837927e-02
