8.168594999999999329e-02 2.686590489545631334e+19 1.798881416830453809e+21
1.088578499999999921e-01 8.563529792896471040e+17 3.044228702666497065e+20
1.360297500000000048e-01 5.906946577865492800e+16 -5.687901233759632589e+19
1.632016499999999759e-01 6.641639447425536000e+15 1.690826082357235712e+19
1.903735500000000025e-01 1.046382645582762000e+15 -4.347808005805662208e+18
2.175454499999999736e-01 2.110424214660091250e+14 1.192961707413052672e+18
2.447173500000000002e-01 5.140349518521990625e+13 -3.141849876704715520e+17
2.718892499999999712e-01 1.452998912128319531e+13 8.547482308232512000e+16
2.990611499999999978e-01 4.632865093844402344e+12 -2.255044455798460400e+16
3.262330499999999689e-01 1.631676380358116211e+12 6.151034372000304000e+15
3.534049499999999400e-01 6.247377599448510742e+11 -1.611162889728706500e+15
3.805768499999999666e-01 2.568387697066467285e+11 4.454105039793663750e+14
4.077487499999999931e-01 1.122682331842042847e+11 -1.138982989267002500e+14
4.349206500000000197e-01 5.176635598159548950e+10 3.282436349772512109e+13
4.620925499999999353e-01 2.501609387453920746e+10 -7.765805245858831055e+12
4.892644499999999619e-01 1.260207454023077774e+10 2.562914482979180176e+12
5.164363499999999885e-01 6.588140597884263039e+09 -4.512559213868601685e+11
5.436082499999999040e-01 3.560656663166137695e+09 2.403556862957149658e+11
5.707801500000000416e-01 1.983050434344135046e+09 -1.727204534171855927e+09
5.979520499999999572e-01 1.134907973385590553e+09 3.437562748322202301e+10
6.251239499999999838e-01 6.658238721418857574e+08 9.657280714391727448e+09
6.522958500000000104e-01 3.995882783199257255e+08 8.180558202117250443e+09
6.794677499999999259e-01 2.448589142857672274e+08 4.098460912800954819e+09
7.066396499999999525e-01 1.529532511870392859e+08 2.656122379384797096e+09
7.338115499999999791e-01 9.725485798363521695e+07 1.573744644586367130e+09
7.609834500000000057e-01 6.286552522820027918e+07 9.953208190507746935e+08
7.881553500000000323e-01 4.126295488112200052e+07 6.269361416257302761e+08
8.153272499999999479e-01 2.747283799339428544e+07 4.045767632992739677e+08
8.424991499999999744e-01 1.853682514377529919e+07 2.639074060567666888e+08
8.696710500000000010e-01 1.266448961366533674e+07 1.747563916384146214e+08
8.968429499999999166e-01 8.754398947149578482e+06 1.171268903317018449e+08
9.240148499999999432e-01 6.118527601188576780e+06 7.946379288362571597e+07
9.511867499999999698e-01 4.320872870323901996e+06 5.451547899317651987e+07
9.783586499999999964e-01 3.081381416297186632e+06 3.780007088944092393e+07
1.005530550000000023e+00 2.217864928972224239e+06 2.647351475594764203e+07
1.032702449999999939e+00 1.610368434005204588e+06 1.871773480274164304e+07
1.059874349999999854e+00 1.179009867732078768e+06 1.335364162891990691e+07
1.087046249999999992e+00 8.700178071148410672e+05 9.608463246113779023e+06
1.114218150000000129e+00 6.468257545313292649e+05 6.969984238020759076e+06
1.141390050000000045e+00 4.843251725138892652e+05 5.095221256425548345e+06
1.168561949999999960e+00 3.651156781365299830e+05 3.752227287655539811e+06
1.195733849999999876e+00 2.770325112357593025e+05 2.782674852591536008e+06
1.222905750000000014e+00 2.114998220715413627e+05 2.077520241462316364e+06
1.250077649999999929e+00 1.624234569212532078e+05 1.561021169679923682e+06
1.277249550000000067e+00 1.254396926357096090e+05 1.180137258594418410e+06
1.304421449999999982e+00 9.740104472371321754e+04 8.974359233247255906e+05
1.331593349999999898e+00 7.602140378812227573e+04 6.863023309379294515e+05
1.358765250000000036e+00 5.962917774378936156e+04 5.276778050388484262e+05
1.385937149999999951e+00 4.699425592080811475e+04 4.078209876007810817e+05
1.413109050000000089e+00 3.720583098610094748e+04 3.167591280098730931e+05
1.440280950000000004e+00 2.958552489486649938e+04 2.472087922945848841e+05
1.467452849999999920e+00 2.362520095782391218e+04 1.938183344213271339e+05
1.494624750000000057e+00 1.894215867620363861e+04 1.526325530562041677e+05
1.521796649999999973e+00 1.524665127266849777e+04 1.207118670704607503e+05
1.548968550000000111e+00 1.231819552783094878e+04 9.585968788795726141e+04
1.576140450000000026e+00 9.988194180888034680e+03 7.642605343013824313e+04
1.603312349999999942e+00 8.127117820186876088e+03 6.116535629882288049e+04
1.630484249999999857e+00 6.634999159364221669e+03 4.913267765997770766e+04
1.657656149999999995e+00 5.434347179502683503e+03 3.960783606593546574e+04
1.684828049999999910e+00 4.464838665616545768e+03 3.203944641095779662e+04
1.711999950000000048e+00 3.679322060197880091e+03 2.600350587845526752e+04
1.739171849999999964e+00 3.040795141338238864e+03 2.117258246150682317e+04
1.766343749999999879e+00 2.520108870050691166e+03 1.729278171638759522e+04
1.793515650000000017e+00 2.094215291204314326e+03 1.416644824020050692e+04
1.820687549999999932e+00 1.744824909314761953e+03 1.163911566495731495e+04
1.847859450000000070e+00 1.457373615455319623e+03 9.589618854863456363e+03
1.875031349999999986e+00 1.220224630428924456e+03 7.922570430150295579e+03
1.902203249999999901e+00 1.024049618770467305e+03 6.562612831936437942e+03
1.929375150000000039e+00 8.613469498256728230e+02 5.450009454855121476e+03
1.956547049999999954e+00 7.260653499500807584e+02 4.537249851042915907e+03
1.983718950000000092e+00 6.133088509181314976e+02 3.786425973378146864e+03
2.010890850000000007e+00 5.191046799780293668e+02 3.167196959523117130e+03
2.038062749999999923e+00 4.402200559004157867e+02 2.655204858300331580e+03
2.065234649999999839e+00 3.740171178398750840e+02 2.230837143997831390e+03
2.092406549999999754e+00 3.183376878665285403e+02 1.878256877157407871e+03
2.119578449999999670e+00 2.714114512718383594e+02 1.584640152119764934e+03
2.146750349999999585e+00 2.317825775667457151e+02 1.339574628987430515e+03
2.173922249999999501e+00 1.982509082943722376e+02 1.134583659496823429e+03
2.201094149999999861e+00 1.698246866077113282e+02 9.627486508411974455e+02
2.228266049999999776e+00 1.456824588882407454e+02 8.184085109154673319e+02
2.255437949999999692e+00 1.251422862906701141e+02 6.969197595440974737e+02
2.282609849999999607e+00 1.076367985572165367e+02 5.944645283511252956e+02
2.309781749999999967e+00 9.269292993823958682e+01 5.078964728752534370e+02
2.336953649999999882e+00 7.991541749265546457e+01 4.346167839018402219e+02
2.364125549999999798e+00 6.897333060727683574e+01 3.724741611576572495e+02
2.391297449999999714e+00 5.958904889118598902e+01 3.196839152089922322e+02
2.418469349999999629e+00 5.152922259250175330e+01 2.747623788581864801e+02
2.445641249999999545e+00 4.459734222321671382e+01 2.364736032391454046e+02
2.472813149999999460e+00 3.862761747204585561e+01 2.037859362008584583e+02
2.499985049999999820e+00 3.347992385315393449e+01 1.758365697985788643e+02
2.527156949999999735e+00 2.903562207694486474e+01 1.519025295178729493e+02
2.554328849999999651e+00 2.519409232678974675e+01 1.313768827706518607e+02
2.581500749999999567e+00 2.186985542902966273e+01 1.137491864063787403e+02
2.608672649999999926e+00 1.899017682778515237e+01 9.858938475395109435e+01
2.635844549999999842e+00 1.649306856599923421e+01 8.553452119992223857e+01
2.663016449999999757e+00 1.432562006240729247e+01 7.427774893066300876e+01
2.690188349999999673e+00 1.244260106608196637e+01 6.455922399550064483e+01
2.717360249999999589e+00 1.080529033455585797e+01 5.615854995240954395e+01
2.744532149999999504e+00 9.380491629219335437e+00 4.888850313364433475e+01
2.771704049999999864e+00 8.139705558176972389e+00 4.258979874416071709e+01
2.798875949999999779e+00 7.058431741880657029e+00 3.712670566773328318e+01
2.826047849999999695e+00 6.115580430035487680e+00 3.238334812787059036e+01
2.853219749999999610e+00 5.292975892858639675e+00 2.826066728312101972e+01
2.880391649999999970e+00 4.574933618155646364e+00 2.467399177984863456e+01
2.907563549999999886e+00 3.947898473017655174e+00 2.155091418712775919e+01
2.934735449999999801e+00 3.400139074973854036e+00 1.882927772800775301e+01
2.961907349999999717e+00 2.921497711818873633e+00 1.645501390791677565e+01
2.989079249999999632e+00 2.503189691492246460e+00 1.438121475969960450e+01
3.016251149999999548e+00 2.137601023478355788e+00 1.256873296680428354e+01
3.043423049999999463e+00 1.818070817930492744e+00 1.098658062753606579e+01
3.070594949999999823e+00 1.538728040141482900e+00 9.605420088271754864e+00
3.097766849999999739e+00 1.294536482198712202e+00 8.394211691340711212e+00
3.124938749999999654e+00 1.081340602976912368e+00 7.317047198519143869e+00
3.152110649999999570e+00 8.957982999579733319e-01 6.361556128666379983e+00
3.179282549999999929e+00 7.343654138962466549e-01 5.545627084543604646e+00
3.206454449999999845e+00 5.931014172396633644e-01 4.876147154537344264e+00
3.233626349999999761e+00 4.684916407864070376e-01 4.304423440301121673e+00
3.260798249999999676e+00 3.589025701422097758e-01 3.763627325064409224e+00
3.287970149999999592e+00 2.637798520692384852e-01 3.242923079295854993e+00
3.315142049999999507e+00 1.821654524732804481e-01 2.777903687986325476e+00
3.342313949999999423e+00 1.121828966674670996e-01 2.383005962358681007e+00
3.369485849999999783e+00 5.249062594302909834e-02 2.007233926839910421e+00
3.396657749999999698e+00 2.165163488661881255e-03 1.734915912431385321e+00
3.423829649999999614e+00 -4.184116897329941132e-02 1.468104125523339132e+00
3.451001549999999529e+00 -7.827893938296846821e-02 1.274354497869747416e+00
3.478173449999999889e+00 -1.112251002695028995e-01 1.095031391902441920e+00
3.505345349999999804e+00 -1.375037171707106654e-01 8.844198039895119212e-01
3.532517249999999720e+00 -1.604997035646548442e-01 8.076086147723112729e-01
3.559689149999999636e+00 -1.805812337014792157e-01 6.412558945585791204e-01
3.586861049999999551e+00 -1.964604505866746620e-01 5.977284025372923137e-01
3.614032949999999467e+00 -2.123322120856326045e-01 4.733982013584664417e-01
3.641204849999999826e+00 -2.224373707762018482e-01 3.767432471674762029e-01
3.668376749999999742e+00 -2.332940343080710799e-01 3.339854308673020356e-01
3.695548649999999657e+00 -2.398730864597406198e-01 2.123606482054411493e-01
3.722720549999999573e+00 -2.457358816492085096e-01 1.902536851135030183e-01
3.749892449999999933e+00 -2.496737870354723554e-01 1.087021152028155024e-01
3.777064349999999848e+00 -2.516103938990777444e-01 2.353205431913775458e-02
3.804236249999999764e+00 -2.513677904717954159e-01 -1.579849779099060450e-02
3.831408149999999679e+00 -2.509272830166722756e-01 -3.575909176253878191e-02
3.858580049999999595e+00 -2.493013230779739797e-01 -6.932003715187914916e-02
3.885751949999999511e+00 -2.470403056291829436e-01 -1.161148549441455846e-01
3.912923849999999426e+00 -2.435637626931662636e-01 -9.969413727816574256e-02
3.940095749999999786e+00 -2.411139659635474775e-01 -1.394249667860940622e-01
3.967267649999999701e+00 -2.358167877166081339e-01 -1.979353957914449236e-01
3.994439549999999617e+00 -2.315290679861578826e-01 -1.270845819957978351e-01
4.021611449999999977e+00 -2.283528392762167181e-01 -1.178072319617748109e-01
4.048783349999999892e+00 -2.245189247589727821e-01 -1.756636386654971127e-01
4.075955249999999808e+00 -2.193067828062476576e-01 -1.782968356995651149e-01
4.103127150000000611e+00 -2.151213057465854450e-01 -1.487230209859001229e-01
4.130299049999999639e+00 -2.112594918297892033e-01 -1.152978232557694827e-01
4.157470950000000443e+00 -2.081465340574134570e-01 -1.601575273976264535e-01
4.184642849999999470e+00 -2.027443964245433938e-01 -1.842082451809423094e-01
4.211814750000000274e+00 -1.986593589687932759e-01 -1.504712176269292767e-01
4.238986649999999301e+00 -1.943539587519187151e-01 -1.402798290768617617e-01
4.266158550000000105e+00 -1.909503608189651591e-01 -1.395459139947161364e-01
4.293330450000000909e+00 -1.864535600328177112e-01 -1.738051511935698734e-01
4.320502349999999936e+00 -1.818903782274358116e-01 -1.655296612768668574e-01
4.347674250000000740e+00 -1.774030701881707806e-01 -1.633243068474725668e-01
4.374846149999999767e+00 -1.727576406528257280e-01 -1.895020365769813919e-01
4.402018050000000571e+00 -1.676230889799505408e-01 -1.584574630691056585e-01
4.429189949999999598e+00 -1.637341873650728918e-01 -1.729311572809603403e-01
4.456361850000000402e+00 -1.581971241911119541e-01 -1.905215158181122193e-01
4.483533749999999429e+00 -1.538329109635325487e-01 -1.581646770916175504e-01
4.510705650000000233e+00 -1.491696831046991356e-01 -1.735231075382012711e-01
4.537877549999999260e+00 -1.447599476779066752e-01 -1.494722475992817934e-01
4.565049450000000064e+00 -1.409314413436077162e-01 -1.381571733807922531e-01
4.592221350000000868e+00 -1.370972369174806582e-01 -1.439250004303074260e-01
4.619393249999999895e+00 -1.329121340072693946e-01 -1.715399450483945931e-01
4.646565150000000699e+00 -1.281989207425969779e-01 -1.523621047485412827e-01
4.673737049999999726e+00 -1.248881770823837278e-01 -1.049221087126322449e-01
4.700908950000000530e+00 -1.218462263501794846e-01 -1.293388802520467618e-01
4.728080849999999558e+00 -1.180153006838031704e-01 -1.365441381990506742e-01
4.755252750000000361e+00 -1.146660242236982735e-01 -1.172376088606266187e-01
4.782424649999999389e+00 -1.116547785550814353e-01 -9.675909232089921486e-02
4.809596550000000192e+00 -1.090360059717058183e-01 -1.173260850084272972e-01
4.836768449999999220e+00 -1.054843635158886767e-01 -1.152008560307610230e-01
4.863940350000000024e+00 -1.027916832820927884e-01 -1.112947883537716010e-01
4.891112250000000827e+00 -9.932276751164617612e-02 -1.199105853497679092e-01
4.918284149999999855e+00 -9.662778181769501873e-02 -8.960800670037682991e-02
4.945456050000000658e+00 -9.417580132772807033e-02 -8.992455178479163980e-02
4.972627949999999686e+00 -9.167296921413947697e-02 -9.774562319307698866e-02
4.999799850000000490e+00 -8.898516171032971878e-02 -9.218202364185031084e-02
5.026971749999999517e+00 -8.645612842998072478e-02 -1.095081735491572200e-01
5.054143650000000321e+00 -8.318752711946444944e-02 -1.098915600661115044e-01
5.081315549999999348e+00 -8.076463824324894847e-02 -7.931265371554246935e-02
5.108487450000000152e+00 -7.854157864697569602e-02 -8.580853582313148487e-02
5.135659350000000067e+00 -7.618113737321458023e-02 -8.350918767106489671e-02
5.162831249999999983e+00 -7.405173404986176156e-02 -7.587027962312820062e-02
5.190003150000000787e+00 -7.198115905582225249e-02 -7.672165185838097923e-02
5.217175049999999814e+00 -6.993412987408294257e-02 -7.186029198995461109e-02
5.244346950000000618e+00 -6.814191617713261095e-02 -5.972099530216316843e-02
5.271518849999999645e+00 -6.644764347003451199e-02 -7.419234191278543944e-02
5.298690750000000449e+00 -6.435078865911769697e-02 -6.208112281120487658e-02
5.325862649999999476e+00 -6.302318187090867607e-02 -5.557173618710331553e-02
5.353034550000000280e+00 -6.115207605864277779e-02 -6.879596592441186709e-02
5.380206449999999307e+00 -5.950352211782561351e-02 -5.784362428614452101e-02
5.407378350000000111e+00 -5.791948267155262731e-02 -5.673428636960182320e-02
5.434550250000000027e+00 -5.636522610606765904e-02 -6.171277817555206185e-02
5.461722149999999942e+00 -5.461977154633866627e-02 -6.072969761417426615e-02
5.488894050000000746e+00 -5.313436694546311290e-02 -5.208170801802347594e-02
5.516065949999999773e+00 -5.160968344857025381e-02 -6.328181593200982169e-02
5.543237850000000577e+00 -4.998617153744310676e-02 -4.237755050891522240e-02
5.570409749999999605e+00 -4.922758611690558617e-02 -3.021101071246876796e-02
5.597581650000000408e+00 -4.796737912081834587e-02 -5.966960121627486874e-02
5.624753549999999436e+00 -4.641155959325850289e-02 -4.202294502074600813e-02
5.651925450000000239e+00 -4.546024356625395085e-02 -4.904688988138384415e-02
5.679097349999999267e+00 -4.385353627249005681e-02 -4.421619223625761902e-02
5.706269250000000071e+00 -4.312769214100288517e-02 -3.162109654782792323e-02
5.733441150000000874e+00 -4.193257420839509308e-02 -4.138934507004149443e-02
5.760613049999999902e+00 -4.123319635734593036e-02 -1.198935284055388864e-02
5.787784950000000705e+00 -4.078349618062211690e-02 -3.752085618662419353e-02
5.814956849999999733e+00 -3.926014010750809163e-02 -5.576877009690619363e-02
5.842128750000000537e+00 -3.820637449592118734e-02 -2.393937579267715193e-02
5.869300649999999564e+00 -3.765011270968716961e-02 -2.623391992692422278e-02
5.896472550000000368e+00 -3.652852940533157788e-02 -5.637276565930840477e-02
5.923644449999999395e+00 -3.506639649654567925e-02 -3.353841967950411951e-02
5.950816350000000199e+00 -3.452239443729312324e-02 -3.096726434806900893e-02
5.977988249999999226e+00 -3.330254950346695636e-02 -3.733565753552802596e-02
6.005160150000000030e+00 -3.261556103445210214e-02 -3.022010924614897120e-02
6.032332050000000834e+00 -3.153099071930226538e-02 -3.737848489809524055e-02
6.059503949999999861e+00 -3.055646137462380771e-02 -4.760739506067711985e-02
6.086675850000000665e+00 -2.915430704895614206e-02 -3.459725105122975902e-02
6.113847749999999692e+00 -2.883397551098252840e-02 -4.180128357562059790e-03
6.141019650000000496e+00 -2.834100144843917229e-02 -3.847782587292809808e-02
6.168191549999999523e+00 -2.707596856627485574e-02 -3.600691365189213899e-02
6.195363450000000327e+00 -2.644744945439789219e-02 -2.655814709519619191e-02
6.222535349999999355e+00 -2.567862517707763387e-02 -1.203863705924294696e-02
6.249707250000000158e+00 -2.543502826972322134e-02 -3.706688408716362487e-02
6.276879149999999186e+00 -2.402675661509915891e-02 -2.207362653011384762e-02
6.304051049999999989e+00 -2.432386927577714214e-02 2.680349064432794443e-03
6.331222950000000793e+00 -2.361993050408843151e-02 -3.356469982938229540e-02
6.358394849999999821e+00 -2.308848418373297268e-02 -4.818168170071660157e-03
6.385566750000000624e+00 -2.290234847192606712e-02 -2.638955297169826020e-02
6.412738649999999652e+00 -2.188417036519470227e-02 -2.258971563813527011e-02
6.439910550000000455e+00 -2.175322882420203247e-02 -1.012379227765446144e-02
6.467082449999999483e+00 -2.112297413515449793e-02 -2.095740490050668550e-02
6.494254350000000287e+00 -2.096386991571116271e-02 6.801732185854425169e-03
6.521426249999999314e+00 -2.096841542760280799e-02 -2.331406929814376638e-02
6.548598150000000118e+00 -1.983262374580528967e-02 -3.844428465618324187e-02
6.575770049999999145e+00 -1.933638346948569203e-02 -3.098468704494333585e-03
6.602941949999999949e+00 -1.932374991955077351e-02 -5.345673042652834828e-03
6.630113850000000753e+00 -1.880667929969846372e-02 -3.400251193988471088e-02
6.657285749999999780e+00 -1.786364800270464140e-02 -1.985147304654505396e-02
6.684457650000000584e+00 -1.757153076236948192e-02 -2.296209672176223460e-02
6.711629549999999611e+00 -1.670762082933185608e-02 -1.593499519683427845e-02
6.738801450000000415e+00 -1.670916642147481437e-02 -8.509999036308137782e-03
6.765973349999999442e+00 -1.607208119961215168e-02 -2.019378188171376196e-02
6.793145250000000246e+00 -1.578534811131175261e-02 -1.271197082381640177e-02
6.820317149999999273e+00 -1.525877960675869546e-02 -1.875348269859875711e-02
6.847489050000000077e+00 -1.492795072304031224e-02 -6.937782732693804043e-03
6.874660949999999993e+00 -1.475393137346561051e-02 -9.234760499016598720e-03
6.901832849999999908e+00 -1.433458520617063997e-02 -2.163558149270461764e-02
6.929004750000000712e+00 -1.372699811449716069e-02 -1.760474464632899236e-02
6.956176649999999739e+00 -1.347402152885618723e-02 -2.958708480428228881e-03
6.983348550000000543e+00 -1.331229831145244735e-02 -1.634667153350273516e-02
7.010520449999999570e+00 -1.255245868161706732e-02 -3.340268121822109748e-02
7.037692350000000374e+00 -1.173589623271872190e-02 -2.409028653816912280e-02
7.064864249999999402e+00 -1.134729208891732677e-02 -3.296421566393339248e-03
7.092036150000000205e+00 -1.141523823080996605e-02 1.872706719061600217e-03
7.119208049999999233e+00 -1.119814047086938914e-02 -2.066196385908399685e-02
7.146379950000000036e+00 -1.052363371901277045e-02 -1.766528185223027736e-02
7.173551849999999952e+00 -1.035336818075709153e-02 -1.946678984970190342e-03
7.200723749999999868e+00 -1.022454626752538308e-02 -7.569703099698591939e-03
7.227895650000000671e+00 -1.002892432865556092e-02 -3.595763526807476632e-03
7.255067549999999699e+00 -9.828368877516119317e-03 -2.178846699998325184e-02
7.282239450000000502e+00 -8.970599754458378691e-03 -2.609805754143117162e-02
7.309411349999999530e+00 -8.849921310261401816e-03 1.815208298105215265e-02
7.336583250000000334e+00 -9.402703659771456321e-03 1.197530958002009788e-03
7.363755149999999361e+00 -8.945175896842938110e-03 -1.242532136359078034e-02
7.390927050000000165e+00 -8.856374106136728069e-03 -1.181549667504270228e-02
7.418098949999999192e+00 -8.392197283061928609e-03 -1.366053730706775354e-03
7.445270849999999996e+00 -8.755386977943230287e-03 6.129906667752996197e-03
7.472442750000000800e+00 -8.379267927924649584e-03 -2.458107949714651366e-02
7.499614649999999827e+00 -7.965039729363326826e-03 4.933610797508416676e-03
7.526786550000000631e+00 -8.237810010524130103e-03 -1.077147476357726008e-02
7.553958449999999658e+00 -7.489508475211056025e-03 -1.435025158976882716e-02
7.581130350000000462e+00 -7.571411560451341699e-03 -5.403358263571118522e-03
7.608302249999999489e+00 -7.131748210810458753e-03 -3.535974680539687859e-03
7.635474150000000293e+00 -7.269347206143318349e-03 -1.380311832568350758e-02
7.662646049999999320e+00 -6.516119022128773544e-03 -9.222049701659414123e-03
7.689817950000000124e+00 -6.913847418018929242e-03 1.144123287713936024e-02
7.716989849999999151e+00 -6.728553457725070484e-03 -1.308838260776997407e-02
7.744161749999999955e+00 -6.591689230880017764e-03 5.343398749780715884e-03
7.771333650000000759e+00 -6.832712648480539566e-03 3.214814190019569390e-03
7.798505549999999786e+00 -6.591235870580708194e-03 -1.825271019495660826e-02
7.825677450000000590e+00 -6.258290201222468929e-03 6.375090189547870378e-03
7.852849349999999617e+00 -6.718365741107017348e-03 6.788526942904231712e-03
7.880021250000000421e+00 -6.423937326784982110e-03 -1.524040046494006331e-02
7.907193149999999449e+00 -6.114716497836249730e-03 -1.247473881027729228e-02
7.934365050000000252e+00 -5.890476186334182851e-03 6.240882601393325443e-03
7.961536949999999280e+00 -6.216016717917033536e-03 -1.304418760034193464e-03
7.988708850000000083e+00 -5.854721130614545452e-03 -4.970858154655819275e-03
8.015880749999999111e+00 -6.010039776498360409e-03 -1.553687647171385702e-03
8.043052649999999915e+00 -5.585106976556707299e-03 -1.858199904902565341e-02
8.070224549999998942e+00 -5.351210325166353386e-03 3.141523825167320989e-03
8.097396449999997969e+00 -5.536946562122736434e-03 6.986000889907771627e-04
8.124568349999998773e+00 -5.253621436168017488e-03 -1.671053570976614722e-02
8.151740249999999577e+00 -4.897205903796162003e-03 -4.489058392270480619e-03
8.178912149999998604e+00 -4.885293184944512583e-03 -5.999682226952313818e-03
8.206084049999999408e+00 -4.705907735589881166e-03 7.366904895139303466e-03
8.233255950000000212e+00 -5.039212990477061858e-03 -6.473931906888514415e-03
8.260427849999999239e+00 -4.346148501990337518e-03 -2.119153914138911105e-02
8.287599749999998267e+00 -4.216045177790190418e-03 3.556292310705460452e-04
8.314771649999999070e+00 -4.203864237085425809e-03 4.059675623208991793e-03
8.341943549999999874e+00 -4.298440945137555619e-03 -7.497165090653522095e-03
8.369115449999998901e+00 -3.983239540993439680e-03 1.570213793095151175e-03
8.396287349999997929e+00 -4.325984123683076533e-03 4.257302106399836125e-03
8.423459249999998733e+00 -4.118341974010142695e-03 -3.683008605726170379e-03
8.450631149999999536e+00 -4.137144593586703813e-03 -1.037469633180829708e-02
8.477803049999998564e+00 -3.797227898067973527e-03 9.728173544742282214e-03
8.504974949999999367e+00 -4.387905264447674800e-03 -8.519688030844442539e-04
8.532146850000000171e+00 -3.774584817913552957e-03 -8.820279580063275504e-03
8.559318749999999199e+00 -4.151096790259867914e-03 9.987494707524280022e-03
8.586490649999998226e+00 -3.962379809279643547e-03 -1.039559622086433550e-02
8.613662549999999030e+00 -3.822495121360272065e-03 -4.685421716088276727e-03
8.640834449999999833e+00 -3.672077111187843808e-03 -2.914509180887323372e-03
8.668006349999998861e+00 -3.717324548065709718e-03 4.731766953813677443e-03
8.695178249999997888e+00 -3.834394824920392929e-03 1.908644564439600016e-03
8.722350149999998692e+00 -3.775495549217323769e-03 -5.943790901609687961e-03
8.749522049999999496e+00 -3.571740623431333365e-03 -7.132653061061516170e-03
8.776693949999998523e+00 -3.489643254051564246e-03 2.913971762799553999e-03
8.803865849999999327e+00 -3.538477366414792546e-03 -8.195769626203729813e-03
8.831037750000000131e+00 -3.195973050466924866e-03 -2.554485673454067254e-03
8.858209649999999158e+00 -3.398417085432434061e-03 2.949911741224294989e-03
8.885381549999998185e+00 -3.279553995846173475e-03 -1.714130985345022062e-05
8.912553449999998989e+00 -3.444327118320163195e-03 2.187496628891867981e-03
8.939725349999999793e+00 -3.323420268492951503e-03 -3.889649921603257916e-03
8.966897249999998820e+00 -3.460519875136595577e-03 1.515891585122849418e-02
8.994069149999997848e+00 -3.755805413902199054e-03 -9.007156935634941589e-03
9.021241049999998651e+00 -3.229590517296583672e-03 -4.626777994191554055e-03
9.048412949999999455e+00 -3.500836664989052330e-03 -6.363663666709117039e-04
9.075584849999998482e+00 -3.170931596224371186e-03 6.958188009595460410e-04
9.102756749999999286e+00 -3.577247138927636735e-03 6.289432449809924733e-03
9.129928650000000090e+00 -3.124617540568007997e-03 -3.096699914907823786e-02
9.157100549999999117e+00 -2.601993537314536541e-03 9.902589892243050113e-03
9.184272449999998145e+00 -3.313025718035979023e-03 1.215844337019560475e-02
9.211444349999998948e+00 -2.980183519356397696e-03 -1.678109612539950557e-02
9.238616249999999752e+00 -2.736418923565757735e-03 -8.696165066935325830e-03
9.265788149999998780e+00 -2.416521349157587858e-03 -1.066715741106332750e-02
9.292960049999997807e+00 -2.392614831708496283e-03 1.340601098344708537e-02
9.320131949999998611e+00 -2.747828642324287411e-03 -6.377851582215463694e-03
9.347303849999999414e+00 -2.193347643973281389e-03 -9.895331994433646805e-03
9.374475749999998442e+00 -2.442433231648854543e-03 1.224102838074794114e-02
9.401647649999999246e+00 -2.552199747735609328e-03 5.514257917626477681e-04
9.428819550000000049e+00 -2.510906829240796938e-03 -6.886686325498219026e-03
9.455991449999999077e+00 -2.326875013699732705e-03 2.117625933128125700e-03
9.483163349999998104e+00 -2.506381326739801681e-03 -2.083469897380675964e-03
9.510335249999998908e+00 -2.122786995692333041e-03 -1.631673277525381993e-02
9.537507149999999712e+00 -1.939000844754562927e-03 4.706955160759821767e-03
9.564679049999998739e+00 -2.236639826168213170e-03 1.005919582337015845e-02
9.591850949999997766e+00 -2.256848683907394359e-03 -9.850737322242755084e-03
9.619022849999998570e+00 -1.964987028127558079e-03 -6.489372966172780866e-04
9.646194749999999374e+00 -2.228690651588329484e-03 9.337609435073597128e-03
9.673366649999998401e+00 -2.201360003845001870e-03 -1.060399062094533572e-02
9.700538549999999205e+00 -1.827305723127070364e-03 -1.123782599595719855e-02
9.727710450000000009e+00 -1.682069149005080422e-03 -1.778663069136039113e-03
9.754882349999999036e+00 -1.628614853473938241e-03 -3.584618837357996229e-03
9.782054249999998063e+00 -1.553596468614100619e-03 1.932703720480920609e-03
9.809226149999998867e+00 -1.658650569244337876e-03 -8.300073602570323325e-04
9.836398049999999671e+00 -1.598650545457093843e-03 6.361664303015709260e-03
9.863569949999998698e+00 -1.885247717728552206e-03 4.015286875202004474e-04
9.890741849999997726e+00 -1.605063131047076075e-03 -7.259777155181811222e-03
9.917913750000000306e+00 -1.671621594514164331e-03 5.051508674175766989e-03
9.945085649999999333e+00 -1.641412709535336814e-03 -8.932966771838486003e-03
9.972257549999998361e+00 -1.276644844921291742e-03 -1.292830527168234260e-02
9.999429449999999164e+00 -1.212984855877532325e-03 1.334424868709084555e-02
1.002660134999999997e+01 -1.601647019563182985e-03 -4.565791191112309605e-03
1.005377324999999900e+01 -1.143329385971901145e-03 -2.771617514957445266e-03
1.008094514999999802e+01 -1.513714464696540134e-03 5.943787989965211224e-03
1.010811704999999883e+01 -1.289365191945030615e-03 -4.879987033073372726e-03
1.013528894999999963e+01 -1.499352853594418259e-03 1.199052081249251528e-02
1.016246084999999866e+01 -1.537321390966266219e-03 -1.570570380180295184e-02
1.018963274999999769e+01 -1.060431547029324533e-03 2.371792195928350971e-03
1.021680465000000027e+01 -1.481214512034166814e-03 2.387668368462533830e-05
1.024397654999999929e+01 -1.021567767336280805e-03 -6.758178077118027344e-03
1.027114844999999832e+01 -1.344328463625586159e-03 1.189549628430128583e-02
1.029832034999999912e+01 -1.299879156219800646e-03 -1.009595340794532982e-02
1.032549224999999993e+01 -1.021968004819739494e-03 -7.102913903095404644e-03
1.035266414999999895e+01 -9.731238140523628451e-04 2.431146700714316780e-03
1.037983604999999798e+01 -1.067327488075778654e-03 2.386385048637849372e-03
1.040700794999999879e+01 -1.115149662010328025e-03 3.704128354087735369e-03
1.043417984999999959e+01 -1.161948780112493588e-03 -6.755933913001765760e-03
1.046135174999999862e+01 -9.484605765606858412e-04 4.915768907928918727e-03
1.048852364999999764e+01 -1.245089607386537772e-03 -3.727714375681513703e-03
1.051569555000000022e+01 -8.219764055627627134e-04 -3.969798402192100881e-03
1.054286744999999925e+01 -1.078831305115129924e-03 1.250631580740515017e-03
1.057003934999999828e+01 -7.903926048496003141e-04 -4.519837844606371460e-03
1.059721124999999908e+01 -9.078927420341654370e-04 -2.044295679443140432e-03
1.062438314999999989e+01 -7.246783268206341165e-04 5.441626788410505039e-03
1.065155504999999891e+01 -1.151559634534723943e-03 7.180606418616446163e-03
1.067872694999999794e+01 -9.744667016457483422e-04 -6.585372853597245765e-03
1.070589884999999875e+01 -9.875070799829680467e-04 1.048141181195291673e-03
1.073307074999999955e+01 -9.819866814203012748e-04 3.223075402126316345e-03
1.076024264999999858e+01 -1.030305939281901412e-03 -9.215098669605143594e-03
1.078741454999999760e+01 -7.305490304260629699e-04 5.876546088451619146e-03
1.081458645000000018e+01 -1.213271595837367434e-03 5.909819282551158001e-03
1.084175834999999921e+01 -9.154031648706741509e-04 -9.106414847009896424e-03
1.086893024999999824e+01 -9.269890578881431970e-04 -1.092093599835979208e-03
1.089610214999999904e+01 -7.864228724846007886e-04 -7.656899677675362004e-04
1.092327404999999985e+01 -8.800598391802229086e-04 -1.026516110306688150e-03
1.095044594999999887e+01 -7.372385217867336981e-04 -5.586001887205593874e-04
1.097761784999999790e+01 -8.709954699236227517e-04 2.260136361440525342e-03
1.100478974999999870e+01 -7.100474685145977778e-04 -1.148405993493892274e-02
1.103196164999999951e+01 -4.617031375063914670e-04 -1.513117738046132477e-03
1.105913354999999854e+01 -6.021145264231701939e-04 5.619851292607687572e-03
1.108630544999999756e+01 -7.378975038104463235e-04 9.527829611774764340e-03
1.111347735000000014e+01 -9.380326747797123514e-04 -6.643058673879572232e-03
1.114064924999999917e+01 -5.498796074873846945e-04 -3.714308475829975614e-03
1.116782114999999820e+01 -8.299040370370817498e-04 9.562006582186113185e-03
1.119499304999999900e+01 -8.532125081682528141e-04 -1.043284646452670916e-03
1.122216494999999981e+01 -8.423818160812274539e-04 -4.011219133674040482e-03
1.124933684999999883e+01 -6.722675199125358134e-04 -2.889645478200797684e-03
1.127650874999999786e+01 -7.218904224574397869e-04 2.266565686735141742e-03
1.130368064999999866e+01 -7.559637385450979205e-04 3.064129822839957700e-03
1.133085254999999947e+01 -8.295425249902964142e-04 -2.637412367840980335e-03
1.135802444999999850e+01 -6.220897087818315525e-04 -7.295268198106059053e-03
1.138519634999999930e+01 -5.292859577770665314e-04 -1.332295669920157593e-03
1.141236825000000010e+01 -4.922392412731024097e-04 -1.712102787072081840e-03
1.143954014999999913e+01 -3.492834919504322509e-04 -1.169303765604306870e-02
1.146671204999999816e+01 -1.523450691242816491e-04 1.095715679869615176e-02
1.149388394999999896e+01 -6.836530532402216882e-04 4.781544848962065997e-03
1.152105584999999977e+01 -3.679761615291167985e-04 -6.275899938173437956e-03
1.154822774999999879e+01 -5.563665884318446785e-04 6.268588108070191969e-03
1.157539964999999782e+01 -4.518713490340081412e-04 -9.535737611648498202e-03
1.160257154999999862e+01 -3.359515832907113272e-04 7.538742988261257737e-03
1.162974344999999943e+01 -6.948818617693524420e-04 6.211113856779209956e-03
1.165691534999999845e+01 -5.931170806778008047e-04 -3.990024137495780387e-03
1.168408724999999926e+01 -6.101911306316303496e-04 3.984332868982990751e-04
1.171125915000000006e+01 -5.303729604259001425e-04 -4.531173072444778793e-03
1.173843104999999909e+01 -5.113411746147670991e-04 6.812415361082327717e-03
1.176560294999999812e+01 -7.844126989850438471e-04 5.329576565696507798e-03
1.179277484999999892e+01 -8.286381271513576161e-04 6.901457119974347028e-03
1.181994674999999972e+01 -9.986996677103141505e-04 -9.276371037085400992e-03
1.184711864999999875e+01 -5.092725073974832539e-04 -5.056549495973871808e-03
1.187429054999999778e+01 -7.858656638205322462e-04 6.003954214163246747e-03
1.190146244999999858e+01 -7.038453186279466532e-04 2.523162417564901727e-03
1.192863434999999939e+01 -9.519518809626822866e-04 2.240672913535166760e-03
1.195580624999999841e+01 -7.147191527423526732e-04 -1.028529384797685978e-02
1.198297814999999922e+01 -6.360786914145547238e-04 4.025518813467882963e-03
1.201015005000000002e+01 -7.828634800658139945e-04 1.706909685651293498e-03
1.203732194999999905e+01 -7.485031758799024111e-04 1.559425053019827812e-03
1.206449384999999808e+01 -8.288951178356962360e-04 -2.862340593425356274e-03
1.209166574999999888e+01 -6.120654127363006104e-04 -5.173907660006344875e-03
1.211883764999999968e+01 -7.058872247379366881e-04 9.976893749238454831e-03
1.214600954999999871e+01 -9.064483264115074344e-04 -2.231385898194868100e-03
1.217318144999999774e+01 -6.908311847811247951e-04 -2.713660111612566095e-03
1.220035334999999854e+01 -8.188963615052543893e-04 3.419573328152985658e-03
1.222752524999999935e+01 -7.265550351127976914e-04 -7.020427937656885387e-03
1.225469714999999837e+01 -5.649976670478131695e-04 -3.370354092672838472e-03
1.228186904999999918e+01 -5.341750600676163684e-04 -7.384784197482814746e-04
1.230904094999999998e+01 -5.114229278067670536e-04 4.091783696317495295e-04
1.233621284999999901e+01 -5.081260423588145015e-04 -3.774259669733387966e-03
1.236338474999999804e+01 -3.164502304564696298e-04 -6.838720167253504838e-03
1.239055664999999884e+01 -2.664372046374097842e-04 4.444715872138993960e-03
1.241772854999999964e+01 -4.288969770890242272e-04 1.474897213133981137e-03
1.244490044999999867e+01 -2.998193158925647616e-04 -6.658646608554286660e-03
1.247207234999999770e+01 -2.242954170405762871e-04 2.570003547819029680e-03
1.249924424999999850e+01 -3.464092574921254913e-04 1.522543030766774011e-03
1.252641614999999931e+01 -2.725081579113786622e-04 -3.337094744914698586e-03
1.255358804999999833e+01 -2.366950661419781618e-04 -2.875081326935086459e-04
1.258075994999999914e+01 -2.362927787329369199e-04 4.886532074296398966e-04
1.260793184999999994e+01 -2.938573365785914025e-04 4.644077491553394270e-03
1.263510374999999897e+01 -4.200005868636458046e-04 1.217881397113388699e-03
1.266227564999999800e+01 -4.243088141055583341e-04 4.887307006549929458e-03
1.268944754999999880e+01 -6.006044916893068077e-04 -8.269611643783522648e-04
1.271661944999999960e+01 -4.004684084509194781e-04 -4.211638124890055949e-03
1.274379134999999863e+01 -4.702627723605031277e-04 3.282721780177664389e-03
1.277096324999999766e+01 -5.545428726160927645e-04 8.091832028897454065e-03
1.279813514999999846e+01 -7.688608587283463601e-04 -2.682378915692402999e-03
1.282530704999999926e+01 -4.539227180135194583e-04 -8.471604410309903008e-03
1.285247894999999829e+01 -4.894623240466868062e-04 5.720913116873718382e-03
1.287965084999999910e+01 -6.048383969457368173e-04 2.250277241989813350e-03
1.290682274999999990e+01 -5.874281864231072851e-04 -3.905789611974879415e-03
1.293399464999999893e+01 -4.495105742587517952e-04 -3.776580850883335012e-03
1.296116654999999795e+01 -4.725046842311137179e-04 6.323618409831280492e-03
1.298833844999999876e+01 -6.327754977345284235e-04 -1.283946305961473390e-03
1.301551034999999956e+01 -4.435227160357268724e-04 -4.387679519372369129e-03
1.304268224999999859e+01 -4.392138187562566790e-04 -2.536128124057895374e-03
1.306985414999999762e+01 -2.899754229573595532e-04 -2.420685009378421328e-03
1.309702604999999842e+01 -3.778959232851231056e-04 5.448870980165764280e-03
1.312419794999999922e+01 -3.963513334758207696e-04 -7.630028337442750462e-03
1.315136984999999825e+01 -1.402914298185468727e-04 -1.162237085264658173e-03
1.317854174999999906e+01 -3.011539779821330158e-04 1.768410009216644582e-03
1.320571364999999986e+01 -2.131353815490562233e-04 2.131165112888289831e-03
1.323288554999999889e+01 -3.356209268844025789e-04 -6.487637395475961966e-03
1.326005744999999791e+01 -7.985841285897403875e-06 1.169197298096400287e-03
1.328722934999999872e+01 -3.756726314035701794e-04 6.232883966411230381e-03
1.331440124999999952e+01 -1.427429648988148294e-04 -1.122244453325392521e-02
1.334157314999999855e+01 -4.597163125546924694e-05 2.255207113278217060e-03
1.336874504999999758e+01 -1.148639745703240061e-04 -8.764524754430367236e-04
1.339591695000000016e+01 -5.398195555007475905e-05 2.135008107366240769e-03
1.342308884999999918e+01 -1.505625402076161880e-04 -3.722166327741093655e-03
1.345026074999999821e+01 1.278458316718769487e-05 5.382085243161270627e-03
1.347743264999999901e+01 -3.074869924015318184e-04 -4.804316316566210193e-04
1.350460454999999982e+01 5.617573500778177362e-05 -8.251096777611812913e-03
1.353177644999999885e+01 3.400075799328532578e-05 -4.218221942735086473e-03
1.355894834999999787e+01 2.493594640583123891e-04 3.794920804330654401e-03
1.358612024999999868e+01 -1.343773192228688734e-04 7.628855620747630739e-03
1.361329214999999948e+01 -4.785295146530288239e-05 -1.495661701903170694e-03
1.364046404999999851e+01 -1.687922289139369523e-04 2.153478697611453316e-03
1.366763594999999754e+01 -5.539064610314273142e-05 -6.286029949434943261e-03
1.369480785000000012e+01 1.173007247875533575e-05 3.059502527629625289e-03
1.372197974999999914e+01 -1.099018515048300016e-04 6.650276447996931323e-05
1.374915164999999817e+01 3.757672940416218572e-06 -2.445295469958828904e-03
1.377632354999999897e+01 -3.024011531114453231e-05 9.193718832116479049e-04
1.380349544999999978e+01 -3.006754981777211996e-05 2.502389187395139165e-03
1.383066734999999881e+01 -1.249186226827133739e-04 -4.756470398698357804e-04
1.385783924999999783e+01 -5.367421090005341762e-05 2.006567435343910993e-03
1.388501114999999864e+01 -2.162680804715522566e-04 2.535104589058134565e-03
1.391218304999999944e+01 -1.201712554672600835e-04 -4.805168189509089263e-03
1.393935494999999847e+01 -1.294412664830086159e-04 7.099177744840960529e-03
1.396652684999999749e+01 -4.035933961540702649e-04 7.700579662401470411e-03
1.399369875000000008e+01 -3.979791468293591831e-04 -8.252718022705805151e-03
1.402087064999999910e+01 -1.663899021797715584e-04 -8.789134027107200695e-04
1.404804254999999813e+01 -2.506734555513169690e-04 -4.495381502380072121e-03
1.407521444999999893e+01 3.029775020661019730e-05 -2.855486126986973849e-03
1.410238634999999974e+01 -1.717820653342812416e-04 7.207071274696675786e-03
1.412955824999999876e+01 -1.850468340378846172e-04 -2.196995559692036405e-03
1.415673014999999779e+01 -1.098546443849480520e-04 -5.256382815458343627e-03
1.418390204999999860e+01 -4.529502419930798226e-05 7.792783979997053301e-03
1.421107394999999940e+01 -3.622870432530676137e-04 1.955848384668027948e-03
1.423824584999999843e+01 -1.499826341643364154e-04 -4.057809134603533943e-03
1.426541774999999745e+01 -2.516248593834112101e-04 2.057377944339287314e-03
1.429258965000000003e+01 -1.588292551840147409e-04 -3.194963325329658928e-03
1.431976154999999906e+01 -1.581393795678564325e-04 4.009137640610439552e-04
1.434693344999999809e+01 -2.247475807609095727e-04 8.869230561258335463e-03
1.437410534999999889e+01 -6.150204250419888862e-04 1.456556825863627308e-02
1.440127724999999970e+01 -8.395717129953328070e-04 7.501092727561897017e-04
1.442844914999999872e+01 -7.768489561814953233e-04 3.011880898289333308e-04
1.445562104999999775e+01 -9.767515741396712303e-04 1.319091703754741648e-02
1.448279294999999856e+01 -1.376240733960032870e-03 1.311289847480039995e-02
1.450996484999999936e+01 -1.569930603168058665e-03 -1.506944982552164275e-04
1.453713674999999839e+01 -1.570871356897110983e-03 8.978692181714802850e-03
1.456430864999999741e+01 -1.971703956740216996e-03 8.594990125251231530e-03
1.459148054999999999e+01 -1.984101579769695627e-03 2.265343748073045740e-03
1.461865244999999902e+01 -2.201251900682445282e-03 7.687605375014930700e-03
1.464582434999999805e+01 -2.307831413366499655e-03 2.726656179535019275e-03
1.467299624999999885e+01 -2.374252204431624713e-03 5.064184167960842069e-04
1.470016814999999966e+01 -2.453366702826877219e-03 1.131595644835453954e-02
1.472734004999999868e+01 -2.874274498466043628e-03 9.436306752483338001e-03
1.475451194999999771e+01 -2.923712041517527883e-03 2.868788905514513786e-03
1.478168384999999851e+01 -3.156866422860324806e-03 1.028899740864672521e-02
1.480885574999999932e+01 -3.386240564658053384e-03 7.042153452933183795e-03
1.483602764999999835e+01 -3.590447626169424988e-03 9.413299902041195183e-03
1.486319954999999915e+01 -3.809270772196349415e-03 2.010641831231425349e-03
1.489037144999999995e+01 -3.762315918354926410e-03 1.519797947587954966e-03
1.491754334999999898e+01 -4.018497331246718637e-03 1.501048976953620571e-02
1.494471524999999801e+01 -4.394198295407048850e-03 8.203225590736308581e-03
1.497188714999999881e+01 -4.499265011123594789e-03 5.257291943003818135e-03
1.499905904999999962e+01 -4.705931555059445458e-03 5.185508181018335001e-03
1.502623094999999864e+01 -4.771680740960908447e-03 4.077600005541053528e-03
1.505340284999999767e+01 -4.921245861070438349e-03 2.276552244301903189e-03
1.508057474999999847e+01 -4.957661005523440571e-03 7.349933364589006021e-03
1.510774664999999928e+01 -5.314813136460786944e-03 1.177676050209810685e-02
1.513491854999999831e+01 -5.478646513569958472e-03 3.064085875570333930e-03
1.516209044999999911e+01 -5.607290795516205878e-03 8.258821741198334870e-03
1.518926234999999991e+01 -5.873436531263278269e-03 7.488674115496019718e-03
1.521643424999999894e+01 -5.948540432947797829e-03 -5.367671370166050447e-04
1.524360614999999797e+01 -5.956876164373176366e-03 3.870812383825320870e-03
1.527077804999999877e+01 -6.185020163296090466e-03 1.116281400884341912e-02
1.529794994999999957e+01 -6.490404725900212300e-03 1.038384852371100966e-02
1.532512184999999860e+01 -6.701521293730134179e-03 4.327741178553599390e-03
1.535229374999999763e+01 -6.795019877181364236e-03 5.937190922383282776e-03
1.537946564999999843e+01 -7.040509458696904595e-03 9.350561141293851908e-03
1.540663754999999924e+01 -7.226305093401264729e-03 4.277979881247402638e-03
1.543380944999999826e+01 -7.274705587776762392e-03 -6.053125168512615449e-04
1.546098134999999907e+01 -7.337950947180164364e-03 1.046988559901809723e-02
1.548815324999999987e+01 -7.711282821684112103e-03 6.927467525892514084e-03
1.551532514999999890e+01 -7.739304109301801786e-03 6.132916078364027482e-03
1.554249704999999793e+01 -8.052635604608839384e-03 6.229007332892465276e-03
1.556966894999999873e+01 -8.072050185700244129e-03 5.688942967227337069e-03
1.559684084999999953e+01 -8.439247759586989209e-03 1.370036482325424909e-02
1.562401274999999856e+01 -8.659535973656012908e-03 4.372833798599048451e-03
1.565118464999999759e+01 -8.725284335310681816e-03 3.890774462407264878e-04
1.567835654999999839e+01 -8.809052340058683844e-03 1.057868616732089533e-02
1.570552844999999920e+01 -9.183081836086825697e-03 7.840766313271392216e-03
1.573270034999999822e+01 -9.174403176408428909e-03 -1.604030869058400543e-03
1.575987224999999903e+01 -9.298896708877391754e-03 1.136226637327406204e-02
1.578704414999999983e+01 -9.621986219271036131e-03 5.571794106664834656e-03
1.581421604999999886e+01 -9.632563631033003865e-03 3.190114480447876332e-03
1.584138794999999789e+01 -9.859570536078840833e-03 7.898999758258464995e-03
1.586855984999999869e+01 -9.981988586035420510e-03 3.793259478737184224e-03
1.589573174999999949e+01 -1.012245185230338865e-02 5.952209754231481062e-03
1.592290364999999852e+01 -1.029964362723316887e-02 7.469616165190605221e-03
1.595007554999999755e+01 -1.053385059578445040e-02 9.591111711233073558e-03
1.597724744999999835e+01 -1.074025255392235118e-02 2.812766253474837004e-03
1.600441934999999916e+01 -1.075813267527353165e-02 3.920399262090571227e-03
1.603159124999999818e+01 -1.096141074293113978e-02 5.923309625945159286e-03
1.605876315000000076e+01 -1.104928278920462581e-02 4.531716139939895478e-03
1.608593504999999979e+01 -1.125236970086908143e-02 8.074074534989778701e-03
1.611310695000000237e+01 -1.143817797419075834e-02 6.109194931027550277e-03
1.614027885000000140e+01 -1.164706512920558185e-02 1.106674925811676827e-02
1.616745075000000043e+01 -1.196388675162380830e-02 7.666356857132482217e-03
1.619462264999999945e+01 -1.200059362148691265e-02 -2.699739615848175019e-03
1.622179454999999848e+01 -1.200955995942938788e-02 8.175297310894537317e-03
1.624896645000000106e+01 -1.234270108185818796e-02 7.770012107139259022e-03
1.627613835000000009e+01 -1.239498342805067307e-02 3.298557589491907683e-03
1.630331025000000267e+01 -1.263106164359275446e-02 1.087312206235006157e-02
1.633048215000000170e+01 -1.283504379910952072e-02 1.795218396456958309e-03
1.635765405000000072e+01 -1.284072939662058571e-02 5.095039166594487329e-03
1.638482594999999975e+01 -1.308100087300631022e-02 4.980297587601587896e-03
1.641199784999999878e+01 -1.313202315816421051e-02 7.144984260133225781e-03
1.643916975000000136e+01 -1.343040085734062070e-02 5.016381398084415570e-03
1.646634165000000039e+01 -1.339228746980406642e-02 1.524798864233185836e-03
1.649351354999999941e+01 -1.364540829658000831e-02 1.262300299100684031e-02
1.652068545000000199e+01 -1.389139942363830545e-02 3.089231130626665742e-03
1.654785735000000102e+01 -1.388889709711302496e-02 1.903227569456044342e-03
1.657502925000000005e+01 -1.405171972277640888e-02 6.998530882199373651e-03
1.660220114999999907e+01 -1.418400979359573863e-02 2.685504331369957965e-03
1.662937305000000165e+01 -1.428532401684673436e-02 8.051276516060319050e-03
1.665654495000000068e+01 -1.457299936291863232e-02 8.057019618068327754e-03
1.668371684999999971e+01 -1.466696849345616033e-02 1.857316713988249948e-03
1.671088875000000229e+01 -1.475298767923063047e-02 4.385895778084088377e-03
1.673806065000000132e+01 -1.487187784804813381e-02 3.222768882006495604e-03
1.676523255000000034e+01 -1.493518948337096801e-02 2.839598106445652675e-03
1.679240444999999937e+01 -1.506081724006667552e-02 6.279292913507386609e-03
1.681957634999999840e+01 -1.525304657025305412e-02 7.137252396469982024e-03
1.684674825000000098e+01 -1.542000110879280551e-02 4.828534386453250254e-03
1.687392015000000001e+01 -1.555283812667309154e-02 6.648049892990862304e-03
1.690109205000000259e+01 -1.573019793495648161e-02 2.827532761650139448e-03
1.692826395000000161e+01 -1.572864566937629688e-02 1.452409711394791591e-03
1.695543585000000064e+01 -1.590701725209833772e-02 1.088512721712894295e-02
1.698260774999999967e+01 -1.615558430263834555e-02 2.144598479484930223e-03
1.700977964999999870e+01 -1.611020711108135731e-02 2.970301194215742291e-03
1.703695155000000128e+01 -1.636002941658603813e-02 8.546609487809154332e-03
1.706412345000000030e+01 -1.646388020219745341e-02 1.891662819378752249e-03
1.709129534999999933e+01 -1.655475993351528813e-02 5.386581011944980256e-03
1.711846725000000191e+01 -1.672774088694278793e-02 5.694390855266678354e-03
1.714563915000000094e+01 -1.683244716907255842e-02 2.494797586933461889e-03
1.717281104999999997e+01 -1.692475736651775572e-02 6.078649547330142351e-03
1.719998294999999899e+01 -1.708662036462565287e-02 1.253403905009125088e-03
1.722715485000000157e+01 -1.705471864904553256e-02 3.256523381958359789e-03
1.725432675000000060e+01 -1.728057490504353658e-02 7.134670190832107135e-03
1.728149864999999963e+01 -1.739772770662592963e-02 6.075801295673479221e-03
1.730867055000000221e+01 -1.757769603694886093e-02 1.366727753819393931e-03
1.733584245000000124e+01 -1.756660063781658593e-02 7.102240510598469871e-03
1.736301435000000026e+01 -1.789357699112508610e-02 5.100151147139931999e-03
1.739018624999999929e+01 -1.779077620875035154e-02 -2.752028527577741156e-03
1.741735814999999832e+01 -1.791983711718972416e-02 8.807295663274188752e-03
1.744453005000000090e+01 -1.813754963451053373e-02 5.809468351396442250e-03
1.747170194999999993e+01 -1.821354365798108499e-02 3.824352714332998615e-04
1.749887385000000251e+01 -1.823743351138975774e-02 3.688787524352163047e-03
1.752604575000000153e+01 -1.842320064284323766e-02 8.010260552366293280e-03
1.755321765000000056e+01 -1.861409562725780190e-02 5.856748591738435324e-03
1.758038954999999959e+01 -1.875159131567716991e-02 4.819761281307221104e-03
1.760756144999999862e+01 -1.887837088351017323e-02 4.042356090633415257e-03
1.763473335000000120e+01 -1.897888827900994640e-02 4.106258178576271609e-03
1.766190525000000022e+01 -1.906688525180222360e-02 3.461393206662744318e-04
1.768907714999999925e+01 -1.904545830466715384e-02 1.859059850077757464e-03
1.771624905000000183e+01 -1.922680605207534310e-02 9.874185627459541523e-03
1.774342095000000086e+01 -1.945883790581511355e-02 4.284686654243680289e-03
1.777059284999999988e+01 -1.950358624811450795e-02 3.545865194004283599e-03
1.779776474999999891e+01 -1.964810841037178263e-02 2.428864323427135530e-03
1.782493665000000149e+01 -1.964100795822790874e-02 1.911158286184474597e-03
1.785210855000000052e+01 -1.979493723727463947e-02 6.137605940452375668e-03
1.787928044999999955e+01 -1.992734298954303498e-02 5.152147354271389285e-03
1.790645235000000213e+01 -2.005313780749358454e-02 1.761259426883312381e-03
1.793362425000000115e+01 -2.008484880902595276e-02 5.192745655174531294e-03
1.796079615000000018e+01 -2.032505648932186881e-02 7.489804459467407777e-03
1.798796804999999921e+01 -2.041578935847520801e-02 1.386579941452717847e-03
1.801513994999999824e+01 -2.051155670215127833e-02 7.555024663398784285e-03
1.804231185000000082e+01 -2.074461641095246694e-02 4.698517487364833531e-03
1.806948374999999984e+01 -2.076027306217254759e-02 1.111225794022322692e-03
1.809665565000000242e+01 -2.086985646603376973e-02 4.684105760677697086e-03
1.812382755000000145e+01 -2.097385328580718411e-02 3.733354733273635748e-03
1.815099945000000048e+01 -2.111941100873226604e-02 7.935337936205535611e-03
1.817817134999999951e+01 -2.133719066598454076e-02 4.640712043690227613e-03
1.820534324999999853e+01 -2.139708467996337404e-02 4.159258296431228401e-03
1.823251515000000111e+01 -2.155066698995627625e-02 2.291786968007833696e-03
1.825968705000000014e+01 -2.156086129421630471e-02 4.755871580193899925e-03
1.828685894999999917e+01 -2.176547131667638107e-02 2.400881273847291740e-03
1.831403085000000175e+01 -2.174513222767637116e-02 5.985621537360287341e-03
1.834120275000000078e+01 -2.208462581028799998e-02 8.893899048137516791e-03
1.836837464999999980e+01 -2.212193592091837857e-02 4.099189569733204669e-05
1.839554654999999883e+01 -2.222495685933679327e-02 6.435828957030194017e-03
1.842271845000000141e+01 -2.238863241152877492e-02 3.661166160273961190e-03
1.844989035000000044e+01 -2.242600903328003173e-02 1.117310818556123105e-03
1.847706224999999947e+01 -2.251668107675788150e-02 6.007210521681882395e-03
1.850423415000000205e+01 -2.271869613440626046e-02 7.168896957943711457e-03
1.853140605000000107e+01 -2.285961514471698125e-02 3.179927619965666839e-03
1.855857795000000010e+01 -2.295062769853586232e-02 5.718534219156466356e-03
1.858574984999999913e+01 -2.315904286337249277e-02 7.005204673637994463e-03
1.861292174999999816e+01 -2.328969066469612631e-02 3.695971759238029369e-03
1.864009365000000074e+01 -2.339974601092730325e-02 4.786504499628376451e-03
1.866726554999999976e+01 -2.353175278238951035e-02 3.883647870833670419e-03
1.869443745000000234e+01 -2.362761695281622928e-02 4.837719766644486483e-03
1.872160935000000137e+01 -2.378492602021636121e-02 4.717869232179707287e-03
1.874878125000000040e+01 -2.387120473794499334e-02 3.184887096580317923e-03
1.877595314999999943e+01 -2.399421608778624926e-02 5.649917632611344345e-03
1.880312504999999845e+01 -2.416033350131752480e-02 6.137622644418021245e-03
1.883029695000000103e+01 -2.428101248293663278e-02 1.464259532905268181e-03
1.885746885000000006e+01 -2.429697722258384110e-02 3.091923665935845857e-03
1.888464074999999909e+01 -2.443933979319464628e-02 3.648675820908439411e-03
1.891181265000000167e+01 -2.451490953076705670e-02 6.374882350466480607e-03
1.893898455000000070e+01 -2.476441416596561820e-02 6.742664326757593848e-03
1.896615644999999972e+01 -2.481642633648929730e-02 -5.561818837826172863e-05
1.899332834999999875e+01 -2.489007760993765944e-02 7.354080447340857751e-03
1.902050025000000133e+01 -2.511459673174166324e-02 3.559746781837798413e-03
1.904767215000000036e+01 -2.512439710734083037e-02 4.277721446665270696e-03
1.907484404999999938e+01 -2.535995253225965460e-02 6.418654583080845959e-03
1.910201595000000196e+01 -2.542339469870433591e-02 3.059439820176658095e-03
1.912918785000000099e+01 -2.560270827236028196e-02 8.145805351721590107e-03
1.915635975000000002e+01 -2.575573901751707778e-02 1.050869826645188347e-03
1.918353164999999905e+01 -2.575013400206443981e-02 3.927721701668504886e-03
1.921070354999999807e+01 -2.596238408098529987e-02 6.053548531379801881e-03
1.923787545000000065e+01 -2.604411238460106748e-02 4.315702065190836489e-03
1.926504734999999968e+01 -2.621315962285613796e-02 4.371314133060476108e-03
1.929221925000000226e+01 -2.625432202291989175e-02 1.407904785565928683e-03
1.931939115000000129e+01 -2.635898044119346084e-02 6.096877743116244433e-03
1.934656305000000032e+01 -2.653056482614321587e-02 4.704049118182830787e-03
1.937373494999999934e+01 -2.661398212218902409e-02 3.241197034477837167e-03
1.940090684999999837e+01 -2.670960446109452158e-02 2.098602814491465785e-03
1.942807875000000095e+01 -2.676815292077717318e-02 5.386108840493973593e-03
1.945525064999999998e+01 -2.697870879375507264e-02 6.068281163795512766e-03
1.948242255000000256e+01 -2.706658087014430364e-02 3.289652967965098380e-03
1.950959445000000159e+01 -2.720454795528204003e-02 5.707597543982898675e-03
1.953676635000000061e+01 -2.732876506152281601e-02 2.827235998730756508e-03
1.956393824999999964e+01 -2.736299274513322166e-02 4.770591866068165884e-04
1.959111014999999867e+01 -2.741116587826020884e-02 4.362251382053903420e-03
1.961828205000000125e+01 -2.756832448948618591e-02 4.744239277862806470e-03
1.964545395000000028e+01 -2.763827308258279616e-02 1.735284382138352344e-03
1.967262584999999930e+01 -2.771789234307842770e-02 4.828137551311581163e-03
1.969979775000000188e+01 -2.787811055195337298e-02 5.432183670878299245e-03
1.972696965000000091e+01 -2.797784454007640545e-02 2.143976472622163756e-03
1.975414154999999994e+01 -2.803731653439965957e-02 3.569553052468062496e-03
1.978131344999999897e+01 -2.816683163746440052e-02 4.443532601774371690e-03
1.980848535000000155e+01 -2.826539212482021349e-02 3.837727161762622807e-03
1.983565725000000057e+01 -2.836885707557552233e-02 2.510819492357427903e-03
1.986282914999999960e+01 -2.842786449043747249e-02 4.057272900589963503e-03
1.989000105000000218e+01 -2.857022217499652003e-02 3.492442854140287260e-03
1.991717295000000121e+01 -2.863186784177953678e-02 4.496594222153820104e-03
1.994434485000000024e+01 -2.878260040971830983e-02 1.969474420161970458e-03
1.997151674999999926e+01 -2.876456479376558739e-02 2.276336929858458358e-03
1.999868864999999829e+01 -2.893024722493039991e-02 5.226593868717636752e-03
2.002586055000000087e+01 -2.899076886046497020e-02 1.792066690519728998e-03
2.005303244999999990e+01 -2.908485664932486045e-02 4.675284378694758748e-03
2.008020435000000248e+01 -2.919523492123331926e-02 2.081521239187081838e-03
2.010737625000000151e+01 -2.923253831189658730e-02 3.303894106388896319e-03
2.013454815000000053e+01 -2.938049406650743503e-02 5.157027215090900611e-03
2.016172004999999956e+01 -2.947691631244191146e-02 3.049327070381547492e-03
2.018889194999999859e+01 -2.955985958789669743e-02 2.449085102156820480e-03
2.021606385000000117e+01 -2.962657901280450409e-02 3.678318737920555689e-03
2.024323575000000019e+01 -2.975639493624823717e-02 4.536749874234132646e-03
2.027040764999999922e+01 -2.985159517829079345e-02 3.018306850576764518e-03
2.029757955000000180e+01 -2.993148899981960473e-02 2.721839442720160214e-03
2.032475145000000083e+01 -3.000288971320860809e-02 2.798489477203589502e-03
2.035192334999999986e+01 -3.007337930663482942e-02 1.750053047063704608e-03
2.037909524999999888e+01 -3.012299390722697826e-02 3.461783690925921472e-03
2.040626715000000146e+01 -3.021773200427253087e-02 3.405306746200936416e-04
2.043343905000000049e+01 -3.018232404947195080e-02 1.726626577918981536e-03
2.046061094999999952e+01 -3.032762002592405762e-02 4.885499382326831397e-03
2.048778285000000210e+01 -3.038523775417912437e-02 1.134708531327945948e-03
2.051495475000000113e+01 -3.042738575840613427e-02 1.590619346089092428e-03
2.054212665000000015e+01 -3.048239259342559737e-02 3.229502970239063117e-03
2.056929854999999918e+01 -3.058214666377528576e-02 2.578238521020676747e-03
2.059647044999999821e+01 -3.062216420197547140e-02 1.889471726869417943e-03
2.062364235000000079e+01 -3.067754733517986943e-02 3.968889802750310419e-04
2.065081424999999982e+01 -3.066820998004039442e-02 1.606802860561187037e-03
2.067798615000000240e+01 -3.077418260180089446e-02 3.845223395947871756e-03
2.070515805000000142e+01 -3.083496491751761687e-02 1.423412548084972574e-03
2.073232995000000045e+01 -3.087035704950074830e-02 1.079572052229144834e-03
2.075950184999999948e+01 -3.090778153440094239e-02 2.297849316787416423e-03
2.078667374999999851e+01 -3.097309812836933005e-02 1.072486110891668126e-03
2.081384565000000109e+01 -3.098558872939102815e-02 2.002756954549189325e-03
2.084101755000000011e+01 -3.107736990040570538e-02 2.428942546503989539e-03
2.086818944999999914e+01 -3.110632139208162686e-02 1.611346297501730545e-03
2.089536135000000172e+01 -3.117192817210658745e-02 1.565678854953878344e-03
2.092253325000000075e+01 -3.118363244111331881e-02 6.617104257803099136e-04
2.094970514999999978e+01 -3.122847488970107582e-02 2.030699562102424895e-03
2.097687704999999880e+01 -3.127492326940341932e-02 1.294745440182975930e-03
2.100404895000000138e+01 -3.130215655539392294e-02 9.253772147930351515e-04
2.103122085000000041e+01 -3.132674886475719095e-02 7.257153112088968010e-04
2.105839274999999944e+01 -3.135899303821933215e-02 2.446974112044454641e-03
2.108556465000000202e+01 -3.144191330744314228e-02 2.201484647483980140e-03
2.111273655000000105e+01 -3.146730917586630649e-02 7.060748160387239018e-04
2.113990845000000007e+01 -3.150426379458463183e-02 1.858219835778422094e-03
2.116708034999999910e+01 -3.155985144745972193e-02 2.078469531508236618e-03
2.119425224999999813e+01 -3.160818547411228807e-02 1.301705437399579453e-03
2.122142415000000071e+01 -3.163839001809330004e-02 1.386009286786946300e-03
2.124859604999999974e+01 -3.168850815715729130e-02 2.022538585889528673e-03
2.127576795000000232e+01 -3.173512642706648873e-02 1.204327131050670577e-03
2.130293985000000134e+01 -3.176671122460198587e-02 1.794411161653848390e-03
2.133011175000000037e+01 -3.182562065294083919e-02 1.609330914565245112e-03
2.135728364999999940e+01 -3.184012287621616061e-02 -1.264880450284393233e-04
2.138445554999999842e+01 -3.185182690537593370e-02 1.790005876315337897e-03
2.141162745000000101e+01 -3.192527574968544862e-02 2.368038239355537821e-03
2.143879935000000003e+01 -3.196097185154871817e-02 7.883359243885659437e-04
2.146597124999999906e+01 -3.198194385475598700e-02 7.352403534571400360e-04
2.149314315000000164e+01 -3.201146258461858712e-02 1.845292558316371980e-03
2.152031505000000067e+01 -3.206106747974862836e-02 6.194847675923891798e-04
2.154748694999999969e+01 -3.205338040083414997e-02 3.048381289188057362e-04
2.157465884999999872e+01 -3.210614427612722144e-02 3.138009721756318537e-03
2.160183075000000130e+01 -3.218281624383954875e-02 1.433898712518678464e-03
2.162900265000000033e+01 -3.219064153421870300e-02 4.555838277431310552e-04
2.165617454999999936e+01 -3.222262759332877174e-02 1.139264578654936759e-03
2.168334645000000194e+01 -3.225456660787091173e-02 2.045208834442230339e-03
2.171051835000000096e+01 -3.232093579382586818e-02 1.533929484953017695e-03
2.173769024999999999e+01 -3.232385702426934099e-02 -5.306980749265892590e-04
2.176486214999999902e+01 -3.233530465613294186e-02 2.175302736924601254e-03
2.179203404999999805e+01 -3.241507177374279569e-02 1.900341517991665672e-03
2.181920595000000063e+01 -3.243822849034204425e-02 1.586964305735232656e-03
2.184637784999999965e+01 -3.250551804052969479e-02 1.737808875786293504e-03
2.187354975000000223e+01 -3.252774127278326710e-02 1.344743501071767868e-03
2.190072165000000126e+01 -3.258276166294405557e-02 1.411544812986666522e-03
2.192789355000000029e+01 -3.259990547560552565e-02 9.765954723084703526e-04
2.195506544999999932e+01 -3.263490919299642107e-02 4.395871321858788516e-04
2.198223734999999834e+01 -3.262859719400624386e-02 4.328563810400938095e-04
2.200940925000000092e+01 -3.267169362367283725e-02 1.890289351582685132e-03
2.203658114999999995e+01 -3.271346263290177830e-02 1.375824784336702241e-03
2.206375304999999898e+01 -3.274556780617825236e-02 7.627254794073069430e-04
2.209092495000000156e+01 -3.276582917519376553e-02 1.354967875004436202e-03
2.211809685000000059e+01 -3.281981066863525615e-02 2.014422271013804801e-03
2.214526874999999961e+01 -3.285250906046414954e-02 1.575113328575830120e-04
2.217244064999999864e+01 -3.284762782083372468e-02 4.267735178099021356e-04
2.219961255000000122e+01 -3.288516584780682567e-02 1.740971019635560984e-03
2.222678445000000025e+01 -3.292161586351600305e-02 7.782274667761249556e-04
2.225395634999999928e+01 -3.294557827685404977e-02 1.816145395621188065e-03
2.228112825000000186e+01 -3.300237776014773583e-02 8.739648934957749494e-04
2.230830015000000088e+01 -3.299729083380921468e-02 3.974842772077456137e-04
2.233547204999999991e+01 -3.304416901136633666e-02 2.150193944434238176e-03
2.236264394999999894e+01 -3.308714130642791129e-02 9.219670125803233838e-04
2.238981584999999797e+01 -3.310307956680104413e-02 6.661451569028902430e-04
2.241698775000000055e+01 -3.313003227978980614e-02 1.148966625859001523e-03
2.244415964999999957e+01 -3.315574654271728067e-02 5.528532460055844613e-04
2.247133155000000215e+01 -3.317061566714549214e-02 1.120358287249372409e-03
2.249850345000000118e+01 -3.321438077335313321e-02 1.439412238789093690e-03
2.252567535000000021e+01 -3.323471465684902509e-02 1.990454889305816658e-04
2.255284724999999924e+01 -3.324380029380810675e-02 1.012561487091207576e-03
2.258001914999999826e+01 -3.328196888185704083e-02 9.679614976878755418e-04
2.260719105000000084e+01 -3.329227123508417263e-02 4.671808847016793026e-04
2.263436294999999987e+01 -3.331570394775906774e-02 8.879421594719967689e-04
2.266153485000000245e+01 -3.332478715828002258e-02 -4.289256528001545669e-04
2.268870675000000148e+01 -3.331512536703983701e-02 7.638804080905733625e-04
2.271587865000000050e+01 -3.335767234445180529e-02 1.004197542986391602e-03
2.274305054999999953e+01 -3.336324087056932730e-02 5.316745481467337244e-04
2.277022244999999856e+01 -3.339754853477232277e-02 1.271761824685120048e-03
2.279739435000000114e+01 -3.341566442715892399e-02 1.692675748617408554e-04
2.282456625000000017e+01 -3.342054949894687071e-02 5.906624464947051855e-04
2.285173814999999919e+01 -3.344867788331270381e-02 1.113038216845890858e-03
2.287891005000000177e+01 -3.347449287253425471e-02 9.129743350662809179e-04
2.290608195000000080e+01 -3.349702771788885119e-02 5.732816352243751915e-04
2.293325384999999983e+01 -3.350837798911242282e-02 5.350931419184322413e-04
2.296042574999999886e+01 -3.352447862615742791e-02 3.171505919727669051e-04
2.298759765000000144e+01 -3.352378848556047952e-02 -1.022506589084306032e-04
2.301476955000000046e+01 -3.353121684151949555e-02 8.358061317517695692e-04
2.304194144999999949e+01 -3.355450620120924154e-02 1.505131808857308870e-04
2.306911335000000207e+01 -3.354554736131515336e-02 1.443477400113469785e-04
2.309628525000000110e+01 -3.356908811352378452e-02 8.820582446075111299e-04
2.312345715000000013e+01 -3.357663216210009238e-02 -2.405644680202188488e-04
2.315062904999999915e+01 -3.357063721953532781e-02 2.512336013440909623e-04
2.317780094999999818e+01 -3.358899150793656641e-02 6.002029305485993144e-04
2.320497285000000076e+01 -3.359524989980894327e-02 6.539588671439495028e-05
2.323214474999999979e+01 -3.359597906775754067e-02 -9.030272165356779913e-05
2.325931665000000237e+01 -3.359553008056111872e-02 3.267492465492475824e-04
2.328648855000000140e+01 -3.361171984198398077e-02 5.212159544434696824e-04
2.331366045000000042e+01 -3.362023009902326276e-02 3.154709962843156123e-04
2.334083234999999945e+01 -3.363196541308566268e-02 4.521766993384124180e-04
2.336800424999999848e+01 -3.364009724779161437e-02 6.931792455117356279e-05
2.339517615000000106e+01 -3.364109290630280802e-02 2.783015077439895436e-04
2.342234805000000009e+01 -3.365461602072757075e-02 4.204673261970003984e-04
2.344951994999999911e+01 -3.366007935154517045e-02 1.360880330798597358e-04
2.347669185000000169e+01 -3.366649603204584229e-02 3.468309580837027170e-04
2.350386375000000072e+01 -3.367596522515704099e-02 2.305185124974795717e-04
2.353103564999999975e+01 -3.367792594760245922e-02 -6.948844912207289862e-06
2.355820754999999878e+01 -3.367814952259374356e-02 3.844116961559970280e-05
2.358537945000000136e+01 -3.367921609798617266e-02 -4.372678997697610848e-06
2.361255135000000038e+01 -3.367632499424750431e-02 -2.223933059365293212e-04
2.363972324999999941e+01 -3.367249192732831020e-02 1.515424648683224727e-04
2.366689515000000199e+01 -3.367783944188163653e-02 -2.165691480038961459e-04
2.369406705000000102e+01 -3.366322334410150330e-02 -3.085932691861109200e-04
2.372123895000000005e+01 -3.366651875733519400e-02 2.010460585128370174e-04
2.374841084999999907e+01 -3.366799109502074949e-02 3.080773223531888585e-05
2.377558274999999810e+01 -3.367013648768936440e-02 7.515003319986531222e-05
2.380275465000000068e+01 -3.367299917371161661e-02 2.215249837030346537e-04
2.382992654999999971e+01 -3.368062868733075893e-02 1.971746884971605624e-04
2.385709845000000229e+01 -3.368147835379236427e-02 -7.405290524223431022e-05
2.388427035000000132e+01 -3.368168035852844855e-02 2.151500343537708572e-04
2.391144225000000034e+01 -3.369207171121604144e-02 3.830460708725424318e-04
2.393861414999999937e+01 -3.369728106936493994e-02 -2.488824268933474335e-05
2.396578604999999840e+01 -3.369392222869976861e-02 -7.918083445842440788e-05
2.399295795000000098e+01 -3.369552979630489886e-02 1.482567109664861891e-04
2.402012985000000000e+01 -3.369901428949713396e-02 4.835915077949170485e-05
2.404730174999999903e+01 -3.369952434351865950e-02 9.933736986764737497e-05
2.407447365000000161e+01 -3.370333516635266868e-02 3.135151521722457475e-05
2.410164555000000064e+01 -3.370108486555740968e-02 -5.244903409046725072e-05
2.412881744999999967e+01 -3.370127098823321593e-02 -4.945752623478525084e-05
2.415598934999999869e+01 -3.369715384024651872e-02 -1.837382072974996360e-04
2.418316125000000127e+01 -3.369303760900178857e-02 -1.246220528450895650e-04
2.421033315000000030e+01 -3.369045898140880790e-02 -5.694075450934152073e-05
2.423750504999999933e+01 -3.368929929613601743e-02 -6.035524530142123218e-05
2.426467695000000191e+01 -3.368852777330851034e-02 8.514056601884521216e-05
2.429184885000000094e+01 -3.369134557800268492e-02 -5.428076407713123891e-05
2.431902074999999996e+01 -3.368757478448712595e-02 2.676472987623841702e-05
2.434619264999999899e+01 -3.369321574749469667e-02 1.537038526768000866e-04
2.437336454999999802e+01 -3.369383253259421174e-02 4.932643279781102593e-05
2.440053645000000060e+01 -3.369836021208177240e-02 2.169813833165560560e-04
2.442770834999999963e+01 -3.370321019310761057e-02 1.181184548564473847e-04
2.445488025000000221e+01 -3.370578359098327925e-02 1.301465440819243272e-04
2.448205215000000123e+01 -3.371049626356233120e-02 1.657371400630652607e-04
2.450922405000000026e+01 -3.371454700787542696e-02 1.744577968769656323e-04
2.453639594999999929e+01 -3.371936626499809353e-02 1.157523790152078217e-04
2.456356784999999832e+01 -3.372037516990049333e-02 6.009443387788475397e-06
2.459073975000000090e+01 -3.372101256315451767e-02 4.197462903826868657e-05
2.461791164999999992e+01 -3.372253228925940760e-02 6.425566084427275081e-05
2.464508354999999895e+01 -3.372396323872196150e-02 2.678144391749084701e-05
2.467225545000000153e+01 -3.372355700188080230e-02 -5.824478194799097004e-05
2.469942735000000056e+01 -3.372160672415328714e-02 -5.398079853005391735e-05
2.472659924999999959e+01 -3.372076952922169191e-02 -3.359180434288042453e-05
2.475377114999999861e+01 -3.371954245344190026e-02 -3.956435438341542434e-05
2.478094305000000119e+01 -3.371903088013086802e-02 -1.118582272323376676e-07
2.480811495000000022e+01 -3.371956193934493723e-02 4.216319036395105925e-05
2.483528684999999925e+01 -3.372136472087167852e-02 8.913420312865624707e-05
2.486245875000000183e+01 -3.372434162346354958e-02 1.290162170334067352e-04
2.488963065000000086e+01 -3.372830233093005586e-02 1.607698221583288083e-04
2.491680254999999988e+01 -3.373299089186946459e-02 1.828544690409492632e-04
2.494397444999999891e+01 -3.373817040537020057e-02 1.973284312243744378e-04
2.497114634999999794e+01 -3.374365998350784684e-02 2.057867858442545084e-04
2.499831825000000052e+01 -3.374928106956216756e-02 2.062326267360735886e-04
2.502549014999999955e+01 -3.375475731209225116e-02 1.945185484008990701e-04
2.505266205000000213e+01 -3.375974188600353726e-02 1.706528742015592649e-04
2.507983395000000115e+01 -3.376403162128434332e-02 1.468295445245727435e-04
2.510700585000000018e+01 -3.376783007122155511e-02 1.350307493425408035e-04
2.513417774999999921e+01 -3.377137151237420698e-02 1.234314676741746870e-04
2.516134964999999823e+01 -3.377433006408733090e-02 8.889575603095163745e-05
2.518852155000000081e+01 -3.377596754815338775e-02 2.842544937505996300e-05
2.521569344999999984e+01 -3.377603379690212460e-02 -1.449151588398488099e-05
2.524286534999999887e+01 -3.377570309966519690e-02 3.433381300148609768e-07
2.527003725000000145e+01 -3.377630831706504577e-02 4.342743466225770728e-05
2.529720915000000048e+01 -3.377781486879471301e-02 5.910350735865010777e-05
2.532438104999999950e+01 -3.377916076009864627e-02 3.509157705143568101e-05
2.535155294999999853e+01 -3.377986866387841514e-02 2.728595974530926795e-05
2.537872485000000111e+01 -3.378124529278320187e-02 8.591404181563518745e-05
2.540589675000000014e+01 -3.378480606921595991e-02 1.741878054817332512e-04
2.543306864999999917e+01 -3.379034292065851569e-02 2.217872635350374706e-04
2.546024055000000175e+01 -3.379632662436936330e-02 2.106266563714860249e-04
2.548741245000000077e+01 -3.380170227631187907e-02 1.898718837097472371e-04
2.551458434999999980e+01 -3.380693446072251251e-02 2.010777040730709763e-04
2.554175624999999883e+01 -3.381269469761605251e-02 2.194705194095002035e-04
2.556892814999999786e+01 -3.381849079504382904e-02 1.969540470587277355e-04
2.559610005000000044e+01 -3.382292075683970139e-02 1.217538699726691110e-04
2.562327194999999946e+01 -3.382509940548979882e-02 4.567511836121613823e-05
2.565044385000000204e+01 -3.382579602425244553e-02 1.299869587081745054e-05
2.567761575000000107e+01 -3.382604753685312937e-02 7.011555468796748576e-06
2.570478765000000010e+01 -3.382614073387558984e-02 -2.986155957926982373e-06
2.573195954999999913e+01 -3.382576409382776622e-02 -2.636135992804579319e-05
2.575913144999999815e+01 -3.382470699500196576e-02 -4.986490258245046602e-05
2.578630335000000073e+01 -3.382312629345977234e-02 -6.541376503773576299e-05
2.581347524999999976e+01 -3.382126589502853359e-02 -6.840561922139348707e-05
2.584064714999999879e+01 -3.381962110938217109e-02 -4.796474927767837172e-05
2.586781905000000137e+01 -3.381889169827799468e-02 -1.866123571962286041e-06
2.589499095000000040e+01 -3.381954038634242543e-02 4.651675974030254320e-05
2.592216284999999942e+01 -3.382125328488713029e-02 7.653756176546186907e-05
2.594933474999999845e+01 -3.382357244345008535e-02 9.250507623218508419e-05
2.597650665000000103e+01 -3.382622083767135301e-02 1.019005904868739527e-04
2.600367855000000006e+01 -3.382907155888754958e-02 1.070398835893243098e-04
2.603085044999999909e+01 -3.383195949298980348e-02 1.035343589921188163e-04
2.605802235000000167e+01 -3.383457981402155507e-02 8.697909946468951803e-05
2.608519425000000069e+01 -3.383661406933307497e-02 6.245254140211352074e-05
2.611236614999999972e+01 -3.383800149232098903e-02 4.099200522061613829e-05
2.613953804999999875e+01 -3.383889937047060426e-02 2.589537486277491396e-05
2.616670994999999778e+01 -3.383937510780508917e-02 7.084879626436111136e-06
2.619388185000000036e+01 -3.383917275374186823e-02 -2.405114420743117022e-05
2.622105374999999938e+01 -3.383797352612923776e-02 -6.562638340061089943e-05
2.624822565000000196e+01 -3.383554154926727425e-02 -1.143579959450869430e-04
2.627539755000000099e+01 -3.383171253032051656e-02 -1.682067790245334483e-04
2.630256945000000002e+01 -3.382654471235661819e-02 -2.061392683633286697e-04
2.632974134999999904e+01 -3.382084879066241112e-02 -2.066818607152062564e-04
2.635691324999999807e+01 -3.381557345436347894e-02 -1.784499055531545012e-04
2.638408515000000065e+01 -3.381124988478222126e-02 -1.393162360600281929e-04
2.641125704999999968e+01 -3.380804175682008972e-02 -9.584616103618047423e-05
2.643842895000000226e+01 -3.380601736294559789e-02 -5.501232755314222405e-05
2.646560085000000129e+01 -3.380495551966501699e-02 -2.485035312334516806e-05
2.649277275000000031e+01 -3.380457129827291879e-02 -5.243627234761913312e-06
2.651994464999999934e+01 -3.380456933723367113e-02 3.187163041703924011e-06
2.654711654999999837e+01 -3.380464491416586975e-02 6.227717570389797465e-07
2.657428845000000095e+01 -3.380458943830146057e-02 -3.458927778126750649e-06
2.660146034999999998e+01 -3.380453908267574969e-02 1.528277246062017304e-06
2.662863224999999900e+01 -3.380468772193146593e-02 8.197135412515821855e-06
2.665580415000000158e+01 -3.380484883930454792e-02 -1.171535650835855570e-07
2.668297605000000061e+01 -3.380448767236322177e-02 -2.981562970061767018e-05
2.671014794999999964e+01 -3.380304604405198754e-02 -7.966366864632976443e-05
2.673731984999999867e+01 -3.379992714157397521e-02 -1.550495956000445840e-04
2.676449175000000125e+01 -3.379458083411226305e-02 -2.347663635716320239e-04
2.679166365000000027e+01 -3.378758872640930111e-02 -2.681469006592502821e-04
2.681883554999999930e+01 -3.378058905255968553e-02 -2.374531565073126620e-04
2.684600745000000188e+01 -3.377479326906464296e-02 -1.947636186918533154e-04
2.687317935000000091e+01 -3.376966608070794407e-02 -1.894778005586977181e-04
2.690035124999999994e+01 -3.376430473863799298e-02 -2.053447242642046449e-04
2.692752314999999896e+01 -3.375866388996445755e-02 -2.038751478009220364e-04
2.695469504999999799e+01 -3.375351454459914191e-02 -1.704803598265443006e-04
2.698186695000000057e+01 -3.374957457888608237e-02 -1.177376977647052287e-04
2.700903884999999960e+01 -3.374723466694674878e-02 -5.191870529654650095e-05
2.703621075000000218e+01 -3.374678335810507579e-02 1.723891522733557211e-05
2.706338265000000121e+01 -3.374798683470376509e-02 6.600851676964187155e-05
2.709055455000000023e+01 -3.375010405759081011e-02 8.535940104536908100e-05
2.711772644999999926e+01 -3.375252893573294638e-02 9.403898268711602989e-05
2.714489834999999829e+01 -3.375526487936362369e-02 1.082816024824176360e-04
2.717207025000000087e+01 -3.375846427536771666e-02 1.281446484303725049e-04
2.719924214999999990e+01 -3.376227951064180582e-02 1.536124698428772972e-04
2.722641404999999892e+01 -3.376686297209400417e-02 1.846902840392186814e-04
